time		x		y		vx		vy		KineticEnergy		PotentialEnergy
0		1		0		0		6.28319		0.0005921762641		-0.001184352528
0.01003344482		0.9980128536		0.06304199305		-0.3957095997		6.270699784		0.000592173928		-0.00118435019
0.02006688963		0.9920593391		0.1258334405		-0.7898411346		6.233293348		0.0005921669246		-0.00118434325
0.03010033445		0.9821631987		0.1881248027		-1.180823009		6.171116177		0.0005921552678		-0.001184331792
0.04013377926		0.9683638941		0.2496685477		-1.567096446		6.084417869		0.0005921389812		-0.001184315839
0.05016722408		0.9507164473		0.3102201446		-1.947121788		5.973546402		0.0005921180981		-0.001184295422
0.0602006689		0.9292912161		0.3695390441		-2.319384736		5.838946699		0.0005920926616		-0.001184270581
0.07023411371		0.9041736097		0.4273896435		-2.682402492		5.681158785		0.0005920627241		-0.001184241365
0.08026755853		0.8754637414		0.4835422304		-3.034729756		5.500815558		0.0005920283475		-0.001184207833
0.09030100334		0.8432760227		0.5377739022		-3.374964571		5.298640173		0.0005919896031		-0.001184170051
0.1003344482		0.8077386998		0.589869458		-3.70175398		5.075443055		0.000591946571		-0.001184128096
0.110367893		0.7689933341		0.6396222578		-4.013799477		4.832118562		0.0005918993405		-0.001184082051
0.1204013378		0.7271942287		0.6868350478		-4.309862223		4.569641298		0.0005918480096		-0.001184032009
0.1304347826		0.6825078045		0.7313207454		-4.588768016		4.289062104		0.0005917926846		-0.001183978069
0.1404682274		0.6351119274		0.7729031837		-4.849411979		3.991503743		0.0005917334801		-0.001183920341
0.1505016722		0.5851951895		0.8114178105		-5.090762968		3.678156287		0.000591670519		-0.001183858939
0.1605351171		0.5329561488		0.84671234		-5.311867653		3.350272247		0.0005916039314		-0.001183793988
0.1705685619		0.4786025276		0.8786473539		-5.511854291		3.009161449		0.0005915338553		-0.001183725617
0.1806020067		0.422350377		0.9070968506		-5.689936143		2.656185683		0.0005914604354		-0.001183653962
0.1906354515		0.364423207		0.9319487388		-5.845414546		2.292753154		0.0005913838235		-0.001183579169
0.2006688963		0.3050510885		0.9531052751		-5.97768161		1.920312755		0.0005913041777		-0.001183501387
0.2107023411		0.2444697299		0.970483443		-6.086222551		1.540348184		0.0005912216621		-0.001183420771
0.220735786		0.1829195323		0.9840152721		-6.170617626		1.154371933		0.0005911364467		-0.001183337482
0.2307692308		0.120644627		0.9936480971		-6.230543685		0.7639191767		0.0005910487068		-0.001183251688
0.2408026756		0.0578918998		0.9993447539		-6.265775327		0.3705415797		0.0005909586226		-0.00118316356
0.2508361204		-0.005089994923		1.001083714		-6.276185652		-0.02419894277		0.0005908663789		-0.001183073273
0.2608695652		-0.06805162499		0.9988591564		-6.26174662		-0.4187364924		0.0005907721647		-0.001182981008
0.27090301		-0.1307437732		0.9926809751		-6.222529		-0.8115074539		0.0005906761726		-0.001182886949
0.2809364548		-0.1929184277		0.9825747259		-6.158701934		-1.200956734		0.0005905785988		-0.001182791283
0.2909698997		-0.2543297652		0.9685815089		-6.07053209		-1.585543952		0.0005904796422		-0.001182694201
0.3010033445		-0.3147351251		0.9507577904		-5.958382444		-1.963749545		0.0005903795043		-0.001182595894
0.3110367893		-0.3738959681		0.9291751635		-5.822710662		-2.334080787		0.0005902783886		-0.00118249656
0.3210702341		-0.4315788174		0.9039200489		-5.664067125		-2.695077666		0.0005901765003		-0.001182396395
0.3311036789		-0.487556178		0.8750933374		-5.483092574		-3.045318625		0.0005900740456		-0.001182295597
0.3411371237		-0.5416074309		0.8428099761		-5.280515417		-3.38342613		0.0005899712317		-0.001182194366
0.3511705686		-0.593519698		0.8071984987		-5.057148684		-3.708072041		0.0005898682661		-0.001182092902
0.3612040134		-0.6430886754		0.7684005037		-4.813886662		-4.017982779		0.0005897653561		-0.001181991406
0.3712374582		-0.6901194304		0.7265700817		-4.551701219		-4.311944254		0.0005896627086		-0.001181890079
0.381270903		-0.7344271614		0.6818731943		-4.271637828		-4.58880655		0.0005895605293		-0.001181789119
0.3913043478		-0.7758379153		0.6344870072		-3.974811322		-4.847488334		0.0005894590229		-0.001181688726
0.4013377926		-0.8141892615		0.5845991809		-3.66240138		-5.086980991		0.0005893583921		-0.001181589098
0.4113712375		-0.8493309195		0.5324071211		-3.335647777		-5.306352457		0.0005892588374		-0.00118149043
0.4214046823		-0.8811253373		0.4781171918		-2.995845416		-5.50475074		0.0005891605569		-0.001181392915
0.4314381271		-0.9094482188		0.4219438955		-2.644339153		-5.681407116		0.0005890637455		-0.001181296746
0.4414715719		-0.9341889992		0.3641090222		-2.282518449		-5.835638999		0.0005889685949		-0.00118120211
0.4515050167		-0.9552512646		0.3048407718		-1.911811861		-5.96685246		0.0005888752931		-0.001181109194
0.4615384615		-0.9725531168		0.2443728525		-1.533681397		-6.074544397		0.0005887840238		-0.001181018177
0.4715719064		-0.98602748		0.1829435598		-1.14961676		-6.158304345		0.0005886949665		-0.001180929238
0.4816053512		-0.9956223495		0.1207948389		-0.7611295004		-6.217815929		0.0005886082957		-0.001180842551
0.491638796		-1.001300982		0.0581713338		-0.3697470974		-6.252857945		0.0005885241809		-0.001180758285
0.5016722408		-1.003042024		-0.004680571404		0.02299300119		-6.26330507		0.0005884427861		-0.001180676602
0.5117056856		-1.000839584		-0.06751371776		0.4155493637		-6.249128208		0.0005883642696		-0.001180597663
0.5217391304		-0.9947032404		-0.1300811375		0.8063825595		-6.210394465		0.0005882887836		-0.001180521621
0.5317725753		-0.9846579938		-0.1921370181		1.193961121		-6.147266746		0.0005882164741		-0.001180448622
0.5418060201		-0.9707441544		-0.2534376608		1.576767461		-6.060003003		0.0005881474803		-0.001180378808
0.5518394649		-0.9530171752		-0.3137424295		1.953303724		-5.948955108		0.0005880819347		-0.001180312316
0.5618729097		-0.9315474241		-0.3728146864		2.322097551		-5.81456738		0.0005880199627		-0.001180249272
0.5719063545		-0.9064198999		-0.4304227113		2.681707731		-5.657374758		0.0005879616825		-0.001180189799
0.5819397993		-0.8777338911		-0.4863406012		3.030729726		-5.478000636		0.0005879072046		-0.001180134011
0.5919732441		-0.845602581		-0.5403491455		3.367801048		-5.277154368		0.0005878566319		-0.001180082016
0.602006689		-0.8101525991		-0.5922366755		3.691606466		-5.055628447		0.0005878100594		-0.001180033914
0.6120401338		-0.7715235215		-0.6417998836		4.000883019		-4.81429538		0.0005877675741		-0.001179989798
0.6220735786		-0.7298673212		-0.6888446096		4.294424839		-4.554104261		0.0005877292547		-0.001179949752
0.6321070234		-0.6853477722		-0.7331865912		4.571087735		-4.276077062		0.0005876951718		-0.001179913852
0.6421404682		-0.6381398081		-0.774652176		4.829793549		-3.981304655		0.0005876653872		-0.001179882167
0.652173913		-0.5884288381		-0.8130789923		5.069534257		-3.670942576		0.0005876399547		-0.001179854758
0.6622073579		-0.5364100237		-0.8483165755		5.289375795		-3.346206552		0.0005876189189		-0.001179831677
0.6722408027		-0.4822875178		-0.8802269498		5.488461613		-3.008367808		0.0005876023163		-0.001179812968
0.6822742475		-0.4262736702		-0.9086851603		5.666015928		-2.658748161		0.0005875901742		-0.001179798664
0.6923076923		-0.3685882015		-0.9335797557		5.821346671		-2.298714937		0.0005875825114		-0.001179788794
0.7023411371		-0.3094573491		-0.9548132192		5.953848125		-1.929675712		0.0005875793378		-0.001179783376
0.7123745819		-0.2491129883		-0.9723023453		6.063003232		-1.553072908		0.0005875806547		-0.001179782418
0.7224080268		-0.1877917324		-0.9859785619		6.148385563		-1.170378258		0.0005875864545		-0.001179785921
0.7324414716		-0.1257340138		-0.9957881966		6.209660958		-0.7830871607		0.0005875967208		-0.001179793878
0.7424749164		-0.06318315127		-1.001692686		6.246588812		-0.3927129463		0.0005876114287		-0.001179806272
0.7525083612		-0.0003844055192		-1.003668724		6.259023009		-0.0007810763306		0.0005876305446		-0.001179823078
0.762541806		0.06241597266		-1.001708359		6.246912507		0.3911767077		0.0005876540263		-0.001179844262
0.7725752508		0.1249716983		-0.9958190242		6.210301561		0.7816282598		0.0005876818231		-0.001179869782
0.7826086957		0.1870374087		-0.9860235113		6.14932959		1.16904691		0.0005877138763		-0.001179899588
0.7926421405		0.2483696165		-0.9723598888		6.064230688		1.55191733		0.0005877501185		-0.001179933621
0.8026755853		0.3087276566		-0.9548813575		5.955332771		1.928741359		0.0005877904746		-0.001179971813
0.8127090301		0.3678746219		-0.9336560489		5.823056377		2.298043773		0.0005878348612		-0.001180014089
0.8227424749		0.4255782862		-0.9087667667		5.667913114		2.658377971		0.0005878831876		-0.001180060366
0.8327759197		0.4816120088		-0.8803106715		5.490503759		3.008331568		0.0005879353551		-0.001180110553
0.8428093645		0.5357556192		-0.8483989092		5.291516018		3.346531851		0.0005879912579		-0.001180164551
0.8528428094		0.5877962767		-0.8131561862		5.071721959		3.671651112		0.0005880507827		-0.001180222255
0.8628762542		0.6375293039		-0.7747202916		4.831975115		3.982411806		0.0005881138096		-0.00118028355
0.872909699		0.6847589881		-0.733241568		4.573207276		4.277591533		0.0005881802117		-0.001180348317
0.8829431438		0.7292993496		-0.6888823344		4.296424977		4.556027816		0.0005882498556		-0.001180416427
0.8929765886		0.7709748739		-0.6418162607		4.002705697		4.816622666		0.000588322602		-0.001180487748
0.9030100334		0.8096212031		-0.5922276989		3.693193774		5.058346907		0.0005883983052		-0.001180562138
0.9130434783		0.8450857858		-0.5403109716		3.369096067		5.280244247		0.0005884768142		-0.001180639451
0.9230769231		0.877228482		-0.4862696204		3.031677353		5.481435084		0.0005885579723		-0.001180719535
0.9331103679		0.9059221206		-0.4303156187		2.682255512		5.661120021		0.0005886416178		-0.001180802233
0.9431438127		0.9310530073		-0.3726685498		2.322196474		5.818583089		0.0005887275844		-0.00118088738
0.9531772575		0.952521381		-0.3135547541		1.95290899		5.95319465		0.0005888157011		-0.00118097481
0.9632107023		0.9702418165		-0.2532064497		1.575839209		6.064413985		0.0005889057928		-0.001181064349
0.9732441472		0.9841435724		-0.191860828		1.192465102		6.151791531		0.0005889976808		-0.00118115582
0.983277592		0.9941708821		-0.1297591281		0.8042907501		6.214970789		0.0005890911828		-0.001181249043
0.9933110368		1.000283186		-0.06714569508		0.412840513		6.253689865		0.0005891861132		-0.001181343833
1.003344482		1.002455307		-0.004267023749		0.01965310081		6.267782651		0.0005892822841		-0.001181440002
1.013377926		1.000677563		0.05862920762		-0.3737244248		6.257179639		0.0005893795047		-0.00118153736
1.023411371		0.9949558203		0.1212951095		-0.7657426998		6.221908359		0.0005894775827		-0.001181635713
1.033444816		0.9853114885		0.183483556		-1.154856135		6.16209344		0.0005895763238		-0.001181734865
1.043478261		0.9717814497		0.2449491584		-1.539528996		6.077956288		0.0005896755325		-0.001181834621
1.053511706		0.9544179301		0.305449234		-1.918241462		5.96981439		0.0005897750124		-0.00118193478
1.063545151		0.93328831		0.3647447649		-2.289495644		5.838080234		0.0005898745669		-0.001182035143
1.073578595		0.9084748737		0.4226013457		-2.65182153		5.683259847		0.0005899739987		-0.00118213551
1.08361204		0.8800745		0.478790113		-3.003782841		5.505950968		0.0005900731114		-0.001182235681
1.093645485		0.8481982949		0.5330886561		-3.343982774		5.306840848		0.0005901717087		-0.001182335455
1.10367893		0.8129711668		0.5852819026		-3.671069598		5.086703686		0.0005902695957		-0.001182434633
1.113712375		0.7745313465		0.6351629776		-3.983742099		4.846397715		0.0005903665788		-0.001182533015
1.123745819		0.7330298537		0.6825340307		-4.280754829		4.586861945		0.0005904624661		-0.001182630405
1.133779264		0.6886299118		0.72720703		-4.560923159		4.30911257		0.0005905570681		-0.001182726607
1.143812709		0.6415063121		0.769004517		-4.823128094		4.014239062		0.0005906501978		-0.001182821427
1.153846154		0.5918447326		0.8077603222		-5.066320843		3.703399948		0.0005907416708		-0.001182914674
1.163879599		0.5398410109		0.8433202351		-5.289527126		3.377818313		0.0005908313065		-0.001183006162
1.173913043		0.4857003756		0.8755426294		-5.491851182		3.03877702		0.0005909189277		-0.001183095704
1.183946488		0.4296366394		0.9042990381		-5.672479481		2.687613676		0.0005910043611		-0.001183183121
1.193979933		0.3718713559		0.9294746765		-5.830684112		2.325715369		0.0005910874379		-0.001183268235
1.204013378		0.3126329448		0.9509689117		-5.965825829		1.954513182		0.0005911679941		-0.001183350875
1.214046823		0.2521557874		0.9686956768		-6.077356751		1.575476526		0.0005912458704		-0.001183430873
1.224080268		0.1906792976		0.9825838253		-6.164822694		1.190107291		0.0005913209132		-0.001183508066
1.234113712		0.1284469708		0.9925774284		-6.227865133		0.7999338577		0.0005913929743		-0.001183582299
1.244147157		0.06570541536		0.9986360098		-6.26622277		0.4065049857		0.0005914619115		-0.001183653419
1.254180602		0.002703370081		1.000734719		-6.279732718		0.01138360368		0.000591527589		-0.001183721283
1.264214047		-0.06030928802		0.9988644433		-6.268331281		-0.3838594714		0.0005915898772		-0.001183785753
1.274247492		-0.1230825419		0.9930318535		-6.232054328		-0.7776518603		0.0005916486535		-0.001183846696
1.284280936		-0.1853672344		0.9832593892		-6.171037264		-1.168425967		0.0005917038023		-0.001183903988
1.294314381		-0.2469160656		0.9695851785		-6.085514588		-1.554625315		0.0005917552151		-0.001183957513
1.304347826		-0.307484584		0.9520628946		-5.97581905		-1.934710853		0.000591802791		-0.00118400716
1.314381271		-0.3668321669		0.9307615494		-5.842380392		-2.307167195		0.0005918464368		-0.001184052828
1.324414716		-0.4247229865		0.9057652251		-5.685723702		-2.670508775		0.0005918860669		-0.001184094424
1.334448161		-0.4809269569		0.8771727445		-5.506467355		-3.023285884		0.0005919216041		-0.001184131861
1.344481605		-0.5352206592		0.845097281		-5.305320585		-3.364090579		0.000591952979		-0.001184165063
1.35451505		-0.5873882396		0.8096659102		-5.083080665		-3.691562406		0.0005919801307		-0.001184193961
1.364548495		-0.6372222779		0.7710191056		-4.840629729		-4.004393956		0.0005920030068		-0.001184218496
1.37458194		-0.6845246221		0.7293101786		-4.578931233		-4.301336186		0.0005920215633		-0.001184238615
1.384615385		-0.7291071856		0.6847046671		-4.299026086		-4.58120352		0.0005920357648		-0.001184254279
1.394648829		-0.7707927041		0.6373796732		-4.002028451		-4.842878681		0.0005920455846		-0.001184265452
1.404682274		-0.8094154488		0.5875231551		-3.689121241		-5.085317243		0.0005920510048		-0.001184272112
1.414715719		-0.8448218929		0.5353331734		-3.361551331		-5.30755189		0.0005920520163		-0.001184274244
1.424749164		-0.8768713284		0.4810170971		-3.020624504		-5.508696352		0.0005920486184		-0.001184271843
1.434782609		-0.9054364314		0.4247907716		-2.667700153		-5.687949004		0.0005920408197		-0.001184264911
1.444816054		-0.9304037729		0.3668776522		-2.304185755		-5.84459612		0.000592028637		-0.001184253463
1.454849498		-0.9516742727		0.3075079064		-1.931531156		-5.97801476		0.0005920120961		-0.00118423752
1.464882943		-0.9691635954		0.2469174898		-1.551222673		-6.08767528		0.0005919912314		-0.001184217114
1.474916388		-0.9828024868		0.1853471984		-1.164777056		-6.173143456		0.0005919660857		-0.001184192285
1.484949833		-0.9925370481		0.1230417014		-0.7737353207		-6.234082211		0.0005919367104		-0.001184163082
1.494983278		-0.9983289481		0.06024855872		-0.3796564878		-6.270252942		0.000591903165		-0.001184129563
1.505016722		-1.000155573		-0.002782772369		0.01588874717		-6.281516434		0.0005918655175		-0.001184091796
1.515050167		-0.9980101104		-0.06580193829		0.4113243869		-6.26783337		0.0005918238436		-0.001184049856
1.525083612		-0.9919015718		-0.1285586928		0.8050755199		-6.22926442		0.0005917782271		-0.001184003826
1.535117057		-0.9818547488		-0.1908038999		1.195574697		-6.165969924		0.0005917287595		-0.0011839538
1.545150502		-0.9679101063		-0.2522905308		1.581268267		-6.078209164		0.0005916755396		-0.001183899878
1.555183946		-0.950123613		-0.3127746523		1.960622651		-5.966339224		0.0005916186737		-0.001183842166
1.565217391		-0.928566508		-0.3720164015		2.332130516		-5.830813459		0.0005915582752		-0.001183780782
1.575250836		-0.9033250073		-0.4297809425		2.694316842		-5.672179565		0.000591494464		-0.001183715849
1.585284281		-0.8744999493		-0.4858394028		3.045744835		-5.491077264		0.0005914273668		-0.001183647496
1.595317726		-0.8422063819		-0.5399697839		3.385021679		-5.288235624		0.0005913571166		-0.00118357586
1.605351171		-0.8065730929		-0.5919578434		3.710804093		-5.06447001		0.0005912838525		-0.001183501085
1.615384615		-0.7677420857		-0.6415979447		4.02180368		-4.820678697		0.0005912077191		-0.001183423321
1.62541806		-0.7258680023		-0.6886938708		4.31679203		-4.557839145		0.0005911288666		-0.001183342724
1.635451505		-0.6811174964		-0.7330595998		4.594605581		-4.277003965		0.0005910474504		-0.001183259454
1.64548495		-0.6336685592		-0.7745200373		4.854150188		-3.979296586		0.0005909636305		-0.001183173678
1.655518395		-0.5837098003		-0.8129117052		5.094405418		-3.665906648		0.0005908775717		-0.001183085568
1.665551839		-0.5314396879		-0.8480833814		5.314428518		-3.338085135		0.0005907894425		-0.001182995299
1.675585284		-0.4770657498		-0.8798966911		5.51335807		-2.997139277		0.0005906994158		-0.001182903051
1.685618729		-0.42080374		-0.9082266445		5.690417305		-2.644427234		0.0005906076675		-0.001182809009
1.695652174		-0.3628767738		-0.9329621206		5.844917064		-2.28135259		0.0005905143769		-0.00118271336
1.705685619		-0.3035144344		-0.9540062951		5.976258401		-1.909358685		0.000590419726		-0.001182616293
1.715719064		-0.2429518561		-0.9712770106		6.083934816		-1.529922796		0.0005903238991		-0.001182518002
1.725752508		-0.1814287859		-0.984707087		6.167534111		-1.144550202		0.0005902270827		-0.001182418682
1.735785953		-0.1191886297		-0.9942445732		6.226739866		-0.7547681599		0.000590129465		-0.00118231853
1.745819398		-0.05647748428		-0.9998529364		6.261332521		-0.3621197995		0.0005900312353		-0.001182217744
1.755852843		0.006456838912		-1.001511191		6.271190081		0.03184201623		0.0005899325843		-0.001182116525
1.765886288		0.06936579495		-0.9992139662		6.256288421		0.425560856		0.0005898337028		-0.001182015072
1.775919732		0.1320010882		-0.9929715085		6.216701206		0.8174828794		0.0005897347821		-0.001181913586
1.785953177		0.1941156519		-0.9828096274		6.152599425		1.206062967		0.0005896360135		-0.001181812266
1.795986622		0.2554646218		-0.968769576		6.064250543		1.589770795		0.0005895375874		-0.001181711314
1.806020067		0.3158062983		-0.9509078724		5.952017272		1.967096839		0.0005894396936		-0.001181610926
1.816053512		0.3749030955		-0.9292960609		5.816355976		2.33655827		0.0005893425209		-0.001181511302
1.826086957		0.4325224717		-0.9040204154		5.657814712		2.696704734		0.000589246256		-0.001181412637
1.836120401		0.4884378388		-0.8751815846		5.477030915		3.046123982		0.0005891510843		-0.001181315124
1.846153846		0.5424294466		-0.8428941817		5.274728745		3.383447338		0.0005890571884		-0.001181218955
1.856187291		0.5942852384		-0.8072863203		5.051716107		3.70735498		0.0005889647487		-0.001181124318
1.866220736		0.6438016761		-0.7684990985		4.808881343		4.016581016		0.0005888739424		-0.001181031398
1.876254181		0.6907845296		-0.7266860324		4.547189634		4.309918331		0.0005887849438		-0.001180940377
1.886287625		0.7350496287		-0.682012443		4.267679108		4.586223201		0.0005886979233		-0.001180851432
1.89632107		0.7764235752		-0.6346547976		3.971456678		4.844419645		0.0005886130476		-0.001180764736
1.906354515		0.8147444115		-0.5848000087		3.659693628		5.0835035		0.0005885304792		-0.00118068046
1.91638796		0.8498622433		-0.5326446939		3.33362096		5.302546215		0.0005884503761		-0.001180598766
1.926421405		0.8816398154		-0.478394399		2.99452453		5.500698345		0.0005883728916		-0.001180519814
1.936454849		0.9099530366		-0.4222627873		2.643739977		5.677192722		0.000588298174		-0.001180443756
1.946488294		0.9346914537		-0.3644707992		2.282647481		5.831347319		0.0005882263661		-0.001180370741
1.956521739		0.9557586717		-0.3052457843		1.912666361		5.962567771		0.0005881576055		-0.001180300909
1.966555184		0.9730727185		-0.2448206098		1.535249537		6.070349559		0.0005880920237		-0.001180234396
1.976588629		0.9865663547		-0.1834327496		1.151877873		6.154279848		0.0005880297463		-0.00118017133
1.986622074		0.9961873246		-0.1213233554		0.7640544302		6.214038971		0.0005879708926		-0.001180111833
1.996655518		1.001898551		-0.05873631542		0.3732986453		6.249401557		0.0005879155755		-0.00118005602
2.006688963		1.003678267		0.004082695962		-0.01885954483		6.260237301		0.0005878639013		-0.001180003999
2.016722408		1.001520098		0.06688717557		-0.4108856036		6.24651137		0.0005878159691		-0.001179955868
2.026755853		0.9954330713		0.1294307502		-0.801246305		6.208284447		0.0005877718713		-0.001179911722
2.036789298		0.985441577		0.1914681344		-1.18841563		6.14571242		0.0005877316929		-0.001179871643
2.046822742		0.971585266		0.2527560831		-1.570880626		6.059045704		0.0005876955118		-0.00117983571
2.056856187		0.9539188889		0.3130543358		-1.947147211		5.948628212		0.000587663398		-0.001179803991
2.066889632		0.9325120778		0.3721265488		-2.315745899		5.814895976		0.0005876354142		-0.001179776546
2.076923077		0.9074490715		0.4297412116		-2.675237428		5.658375419		0.0005876116151		-0.001179753427
2.086956522		0.8788283836		0.4856725439		-3.024218266		5.479681293		0.0005875920478		-0.001179734678
2.096989967		0.8467624173		0.5397013713		-3.361325983		5.279514282		0.0005875767513		-0.001179720335
2.107023411		0.8113770261		0.5916159743		-3.685244462		5.058658289		0.0005875657565		-0.001179710424
2.117056856		0.7728110234		0.6412129088		-3.994708936		4.817977405		0.0005875590863		-0.001179704963
2.127090301		0.7312156428		0.6882977951		-4.288510823		4.558412585		0.0005875567556		-0.001179703961
2.137123746		0.6867539501		0.7326860711		-4.565502363		4.280978032		0.000587558771		-0.001179707421
2.147157191		0.6396002108		0.7742037088		-4.82460101		3.986757305		0.0005875651307		-0.001179715333
2.157190635		0.5899392141		0.8126878899		-5.064793594		3.676899173		0.0005875758251		-0.001179727681
2.16722408		0.5379655567		0.8479876387		-5.285140209		3.352613216		0.0005875908361		-0.00117974444
2.177257525		0.4838828888		0.8799644093		-5.484777842		3.0151652		0.0005876101374		-0.001179765577
2.18729097		0.4279031251		0.908492626		-5.662923703		2.665872238		0.0005876336948		-0.00117979105
2.197324415		0.3702456239		0.9334601733		-5.818878258		2.306097758		0.0005876614657		-0.001179820808
2.20735786		0.3111363373		0.9547688351		-5.952027959		1.937246282		0.0005876933997		-0.001179854793
2.217391304		0.2508069357		0.9723346806		-6.06184764		1.560758066		0.0005877294382		-0.001179892937
2.227424749		0.1894939098		0.986088395		-6.147902592		1.178103576		0.0005877695148		-0.001179935165
2.237458194		0.127437653		0.9959755551		-6.209850299		0.7907778664		0.0005878135555		-0.001179981394
2.247491639		0.06488152918		1.001956847		-6.247441817		0.4002948398		0.0005878614782		-0.001180031533
2.257525084		0.002070927526		1.004008227		-6.26052282		0.008181441472		0.0005879131938		-0.001180085484
2.267558528		-0.06074769129		1.002121023		-6.249034274		-0.3840282123		0.0005879686053		-0.001180143141
2.277591973		-0.1233277536		0.9963019757		-6.213012756		-0.7747987391		0.0005880276088		-0.001180204389
2.287625418		-0.1854235325		0.9865732225		-6.152590416		-1.162599411		0.0005880900932		-0.00118026911
2.297658863		-0.2467911064		0.9729722216		-6.067994569		-1.54591007		0.0005881559405		-0.001180337176
2.307692308		-0.3071893098		0.9555516157		-5.959546929		-1.92322701		0.000588225026		-0.001180408452
2.317725753		-0.3663806769		0.9343790375		-5.827662479		-2.293068817		0.0005882972186		-0.001180482799
2.327759197		-0.4241323696		0.9095368568		-5.672847985		-2.653982126		0.0005883723809		-0.001180560071
2.337792642		-0.4802170913		0.8811218711		-5.495700155		-3.004547294		0.0005884503694		-0.001180640115
2.347826087		-0.5344139781		0.8492449379		-5.296903446		-3.343383948		0.0005885310351		-0.001180722773
2.357859532		-0.5865094681		0.8140305544		-5.077227539		-3.669156405		0.0005886142231		-0.001180807883
2.367892977		-0.6362981427		0.7756163813		-4.837524468		-3.980578927		0.0005886997736		-0.001180895277
2.377926421		-0.6835835377		0.7341527164		-4.578725434		-4.276420798		0.0005887875217		-0.001180984782
2.387959866		-0.7281789207		0.6898019171		-4.301837299		-4.555511209		0.0005888772978		-0.001181076221
2.397993311		-0.769908032		0.6427377757		-4.007938782		-4.816743913		0.000588968928		-0.001181169414
2.408026756		-0.8086057859		0.5931448486		-3.698176364		-5.059081656		0.0005890622344		-0.001181264175
2.418060201		-0.8441189289		0.5412177425		-3.373759921		-5.281560346		0.0005891570353		-0.001181360319
2.428093645		-0.8763066539		0.4871603601		-3.035958094		-5.483292944		0.0005892531459		-0.001181457653
2.43812709		-0.9050411649		0.4311851082		-2.686093417		-5.663473082		0.0005893503779		-0.001181555984
2.448160535		-0.930208194		0.3735120708		-2.325537228		-5.821378358		0.0005894485407		-0.001181655118
2.45819398		-0.9517074638		0.3143681511		-1.955704358		-5.956373328		0.0005895474413		-0.001181754857
2.468227425		-0.9694530975		0.2539861846		-1.578047653		-6.067912155		0.0005896468847		-0.001181855002
2.47826087		-0.9833739719		0.1926040276		-1.194052308		-6.155540923		0.0005897466745		-0.001181955355
2.488294314		-0.9934140134		0.1304636243		-0.8052300796		-6.218899584		0.0005898466127		-0.001182055714
2.498327759		-0.999532435		0.06781005605		-0.4131133547		-6.257723555		0.0005899465011		-0.001182155879
2.508361204		-1.001703913		0.004890576396		-0.01924913445		-6.271844931		0.0005900461405		-0.001182255651
2.518394649		-0.9999187053		-0.05804636397		0.374807066		-6.261193321		0.0005901453321		-0.001182354829
2.528428094		-0.9941827015		-0.1207520989		0.767497367		-6.225796303		0.0005902438773		-0.001182453215
2.538461538		-0.9845174203		-0.1829787313		1.157267703		-6.165779487		0.0005903415783		-0.001182550612
2.548494983		-0.9709599382		-0.2444801154		1.542574004		-6.081366185		0.0005904382386		-0.001182646823
2.558528428		-0.953562758		-0.3050128353		1.921888357		-5.972876695		0.0005905336631		-0.001182741656
2.568561873		-0.9323936167		-0.3643371728		2.293705116		-5.840727188		0.0005906276587		-0.00118283492
2.578595318		-0.9075352306		-0.4222180632		2.656546949		-5.685428214		0.000590720035		-0.001182926426
2.588628763		-0.8790849822		-0.4784260333		3.008970778		-5.507582814		0.0005908106039		-0.001183015991
2.598662207		-0.8471545461		-0.5327381196		3.349573606		-5.307884266		0.0005908991808		-0.001183103433
2.608695652		-0.8118694584		-0.5849387611		3.676998192		-5.087113451		0.0005909855846		-0.001183188576
2.618729097		-0.7733686292		-0.6348206638		3.989938564		-4.846135863		0.0005910696382		-0.001183271248
2.628762542		-0.7318038016		-0.6821856346		4.287145325		-4.585898263		0.0005911511687		-0.00118335128
2.638795987		-0.6873389571		-0.7268453781		4.56743076		-4.307424999		0.0005912300081		-0.001183428512
2.648829431		-0.6401496726		-0.7686222566		4.82967369		-4.011814004		0.0005913059932		-0.001183502786
2.658862876		-0.5904224283		-0.8073500069		5.072824073		-3.700232474		0.0005913789666		-0.00118357395
2.668896321		-0.5383538718		-0.8428744133		5.295907328		-3.373912268		0.0005914487763		-0.001183641861
2.678929766		-0.4841500404		-0.8750539321		5.498028354		-3.03414502		0.0005915152768		-0.001183706381
2.688963211		-0.4280255436		-0.9037602665		5.678375235		-2.682277006		0.0005915783286		-0.001183767376
2.698996656		-0.3702027113		-0.9288788887		5.836222611		-2.319703773		0.0005916377993		-0.001183824724
2.7090301		-0.3109107086		-0.9503095061		5.970934704		-1.947864556		0.0005916935635		-0.001183878307
2.719063545		-0.2503846236		-0.9679664717		6.081967976		-1.568236505		0.000591745503		-0.001183928015
2.72909699		-0.1888645285		-0.981779135		6.168873415		-1.182328749		0.0005917935073		-0.001183973747
2.739130435		-0.1265945216		-0.9916921323		6.231298436		-0.7916763164		0.0005918374737		-0.001184015408
2.74916388		-0.06382175054		-0.9976656162		6.268988383		-0.3978339413		0.0005918773078		-0.001184052913
2.759197324		-0.000795423601		-0.9996754221		6.281787639		-0.002369780432		0.0005919129233		-0.001184086185
2.769230769		0.0622341887		-0.9977131704		6.269640317		0.3931409332		0.0005919442425		-0.001184115155
2.779264214		0.1250167567		-0.9917863063		6.23259055		0.7871222721		0.0005919711965		-0.001184139764
2.789297659		0.1873028954		-0.9819180746		6.170782358		1.178004005		0.0005919937252		-0.001184159959
2.799331104		0.2488451652		-0.96814743		6.084459113		1.564227971		0.0005920117776		-0.0011841757
2.809364548		0.3093990649		-0.9505288845		5.973962582		1.944254403		0.0005920253117		-0.001184186952
2.819397993		0.368724013		-0.9291322914		5.839731572		2.316568187		0.0005920342949		-0.001184193692
2.829431438		0.4265843138		-0.9040425664		5.682300166		2.679685012		0.0005920387041		-0.001184195905
2.839464883		0.4827501033		-0.8753593481		5.502295568		3.032157401		0.0005920385253		-0.001184193585
2.849498328		0.5369982717		-0.8431965985		5.300435559		3.372580591		0.0005920337543		-0.001184186737
2.859531773		0.5891133586		-0.8076821456		5.077525581		3.699598228		0.0005920243961		-0.001184175372
2.869565217		0.6388884171		-0.7689571692		4.834455458		4.011907873		0.0005920104654		-0.001184159514
2.879598662		0.6861258428		-0.7271756331		4.572195769		4.308266272		0.0005919919863		-0.001184139192
2.889632107		0.730638165		-0.6825036654		4.291793884		4.587494387		0.0005919689924		-0.001184114447
2.899665552		0.7722487969		-0.6351188895		3.994369692		4.848482154		0.0005919415265		-0.001184085328
2.909698997		0.8107927408		-0.5852097091		3.681111027		5.090192956		0.0005919096409		-0.001184051894
2.919732441		0.8461172457		-0.5329745493		3.353268818		5.311667789		0.000591873397		-0.00118401421
2.929765886		0.878082416		-0.4786210578		3.012151983		5.512029099		0.0005918328654		-0.001183972353
2.939799331		0.9065617671		-0.4223652697		2.65912209		5.690484285		0.0005917881253		-0.001183926406
2.949832776		0.9314427255		-0.3644307377		2.295587805		5.846328845		0.000591739265		-0.001183876461
2.959866221		0.9526270742		-0.305047634		1.922999158		5.978949154		0.0005916863812		-0.001183822618
2.969899666		0.9700313374		-0.2444518249		1.542841641		6.087824866		0.000591629579		-0.001183764986
2.97993311		0.9835871071		-0.1828839243		1.156630173		6.17253093		0.0005915689716		-0.001183703679
2.989966555		0.9932413074		-0.120588328		0.7659029537		6.232739207		0.0005915046803		-0.00118363882
