time		x		y		vx		vy		KineticEnergy		PotentialEnergy
0		-4.25663		-2.8682		0.0111828		0.0208074		2.790011949e-07		0
0.01001001001		-4.256452605		-2.867946843		0.0236230954		0.02918968297		7.050441142e-07		-0.007691876362
0.02002002002		-4.25615387		-2.867612699		0.03606529893		0.0375728935		1.356214056e-06		-0.007692527754
0.03003003003		-4.255730577		-2.867194633		0.04851015453		0.04595750276		2.232663576e-06		-0.007693404641
0.04004004004		-4.255182695		-2.866692629		0.06095839256		0.05434400254		3.334598118e-06		-0.00769450723
0.05005005005		-4.254510188		-2.866106665		0.07341074444		0.06273288525		4.662276146e-06		-0.007695835779
0.06006006006		-4.253713011		-2.865436715		0.08586794291		0.07112464411		6.21600931e-06		-0.007697390598
0.07007007007		-4.25279111		-2.864682748		0.09833072225		0.07951977328		7.99616264e-06		-0.007699172054
0.08008008008		-4.251744428		-2.863844728		0.1107998185		0.08791876803		1.000315478e-05		-0.007701180564
0.09009009009		-4.250572896		-2.862922613		0.1232759698		0.09632212493		1.223745824e-05		-0.007703416602
0.1001001001		-4.24927644		-2.861916357		0.1357599165		0.104730342		1.469959973e-05		-0.007705880695
0.1101101101		-4.247854979		-2.860825909		0.1482524015		0.1131439187		1.739016045e-05		-0.007708573424
0.1201201201		-4.246308424		-2.859651213		0.1607541704		0.1215633566		2.030977649e-05		-0.007711495426
0.1301301301		-4.244636678		-2.858392208		0.1732659719		0.1299891589		2.345913922e-05		-0.007714647393
0.1401401401		-4.242839636		-2.857048828		0.1857885579		0.1384218309		2.683899576e-05		-0.007718030074
0.1501501502		-4.240917187		-2.855621		0.1983226837		0.1468618805		3.045014941e-05		-0.007721644272
0.1601601602		-4.238869212		-2.85410865		0.2108691087		0.1553098177		3.429346024e-05		-0.007725490849
0.1701701702		-4.236695583		-2.852511695		0.223428596		0.1637661552		3.836984555e-05		-0.007729570724
0.1801801802		-4.234396167		-2.850830048		0.2360019131		0.1722314086		4.268028055e-05		-0.007733884872
0.1901901902		-4.23197082		-2.849063618		0.2485898322		0.1807060964		4.722579896e-05		-0.00773843433
0.2002002002		-4.229419394		-2.847212309		0.26119313		0.1891907402		5.200749367e-05		-0.007743220191
0.2102102102		-4.226741729		-2.845276016		0.2738125886		0.1976858651		5.702651747e-05		-0.007748243611
0.2202202202		-4.22393766		-2.843254634		0.2864489954		0.2061919996		6.228408382e-05		-0.007753505805
0.2302302302		-4.221007014		-2.841148048		0.2991031433		0.2147096759		6.778146763e-05		-0.007759008049
0.2402402402		-4.217949609		-2.838956142		0.3117758314		0.2232394301		7.35200061e-05		-0.007764751684
0.2502502503		-4.214765256		-2.83667879		0.3244678649		0.2317818024		7.950109965e-05		-0.007770738111
0.2602602603		-4.211453756		-2.834315865		0.3371800556		0.2403373374		8.57262128e-05		-0.007776968797
0.2702702703		-4.208014904		-2.831867232		0.3499132219		0.248906584		9.219687521e-05		-0.007783445275
0.2802802803		-4.204448486		-2.82933275		0.3626681896		0.2574900961		9.891468267e-05		-0.007790169143
0.2902902903		-4.20075428		-2.826712275		0.3754457919		0.2660884321		0.0001058812982		-0.007797142065
0.3003003003		-4.196932054		-2.824005655		0.3882468698		0.2747021559		0.0001130984532		-0.007804365778
0.3103103103		-4.19298157		-2.821212732		0.4010722723		0.2833318366		0.0001205679486		-0.007811842083
0.3203203203		-4.188902579		-2.818333346		0.4139228569		0.2919780487		0.0001282916562		-0.007819572855
0.3303303303		-4.184694826		-2.815367326		0.4267994899		0.3006413727		0.0001362715198		-0.007827560042
0.3403403403		-4.180358045		-2.812314499		0.4397030467		0.3093223951		0.0001445095567		-0.007835805662
0.3503503504		-4.175891962		-2.809174685		0.4526344122		0.3180217086		0.0001530078591		-0.007844311812
0.3603603604		-4.171296295		-2.805947698		0.4655944811		0.3267399124		0.0001617685956		-0.007853080661
0.3703703704		-4.166570751		-2.802633346		0.4785841583		0.3354776124		0.0001707940125		-0.00786211446
0.3803803804		-4.16171503		-2.79923143		0.4916043595		0.3442354217		0.0001800864359		-0.007871415536
0.3903903904		-4.156728822		-2.795741746		0.5046560111		0.3530139605		0.0001896482729		-0.007880986301
0.4004004004		-4.151611807		-2.792164083		0.5177400511		0.3618138565		0.0001994820136		-0.007890829245
0.4104104104		-4.146363656		-2.788498225		0.5308574292		0.3706357453		0.0002095902329		-0.007900946947
0.4204204204		-4.14098403		-2.784743948		0.5440091075		0.3794802705		0.0002199755924		-0.00791134207
0.4304304304		-4.135472583		-2.780901023		0.5571960607		0.3883480842		0.0002306408423		-0.007922017367
0.4404404404		-4.129828954		-2.776969212		0.5704192763		0.3972398471		0.0002415888235		-0.00793297568
0.4504504505		-4.124052777		-2.772948273		0.5836797558		0.4061562288		0.0002528224698		-0.007944219945
0.4604604605		-4.118143674		-2.768837956		0.5969785146		0.4150979083		0.0002643448102		-0.007955753193
0.4704704705		-4.112101255		-2.764638004		0.6103165825		0.4240655741		0.000276158971		-0.007967578551
0.4804804805		-4.105925124		-2.760348155		0.6236950045		0.4330599248		0.0002882681785		-0.007979699247
0.4904904905		-4.099614869		-2.755968136		0.6371148409		0.442081669		0.0003006757613		-0.007992118609
0.5005005005		-4.093170072		-2.751497671		0.6505771683		0.4511315263		0.000313385153		-0.008004840074
0.5105105105		-4.086590301		-2.746936474		0.6640830797		0.460210227		0.0003263998949		-0.008017867184
0.5205205205		-4.079875115		-2.742284253		0.6776336855		0.4693185128		0.0003397236391		-0.00803120359
0.5305305305		-4.073024061		-2.737540708		0.6912301136		0.4784571374		0.0003533601511		-0.00804485306
0.5405405405		-4.066036674		-2.732705531		0.7048735103		0.4876268663		0.0003673133131		-0.008058819477
0.5505505506		-4.058912479		-2.727778408		0.718565041		0.4968284779		0.0003815871272		-0.008073106844
0.5605605606		-4.051650988		-2.722759015		0.7323058904		0.5060627633		0.0003961857187		-0.008087719288
0.5705705706		-4.044251701		-2.717647022		0.7460972637		0.5153305272		0.0004111133396		-0.008102661062
0.5805805806		-4.036714106		-2.712442088		0.759940387		0.5246325883		0.0004263743722		-0.008117936553
0.5905905906		-4.029037679		-2.707143867		0.7738365078		0.5339697793		0.000441973333		-0.008133550278
0.6006006006		-4.021221883		-2.701752002		0.7877868963		0.5433429481		0.0004579148766		-0.008149506896
0.6106106106		-4.01326617		-2.69626613		0.8017928455		0.5527529578		0.0004742037997		-0.008165811209
0.6206206206		-4.005169975		-2.690685877		0.8158556724		0.5622006873		0.0004908450455		-0.008182468163
0.6306306306		-3.996932723		-2.685010861		0.8299767188		0.571687032		0.0005078437082		-0.00819948286
0.6406406406		-3.988553824		-2.679240691		0.8441573519		0.5812129044		0.0005252050375		-0.008216860553
0.6506506507		-3.980032676		-2.673374967		0.8583989654		0.5907792341		0.0005429344436		-0.008234606662
0.6606606607		-3.97136866		-2.667413279		0.8727029802		0.6003869694		0.0005610375023		-0.008252726768
0.6706706707		-3.962561144		-2.661355208		0.8870708455		0.6100370768		0.0005795199599		-0.008271226625
0.6806806807		-3.953609484		-2.655200325		0.9015040396		0.6197305425		0.0005983877394		-0.008290112165
0.6906906907		-3.944513015		-2.64894819		0.9160040713		0.6294683727		0.0006176469455		-0.0083093895
0.7007007007		-3.935271064		-2.642598355		0.9305724803		0.6392515943		0.0006373038709		-0.008329064932
0.7107107107		-3.925882936		-2.63615036		0.9452108386		0.6490812556		0.0006573650029		-0.008349144958
0.7207207207		-3.916347924		-2.629603735		0.959920752		0.6589584271		0.0006778370294		-0.008369636272
0.7307307307		-3.906665303		-2.622957999		0.9747038604		0.6688842022		0.0006987268457		-0.00839054578
0.7407407407		-3.896834333		-2.61621266		0.9895618398		0.6788596981		0.0007200415623		-0.008411880601
0.7507507508		-3.886854255		-2.609367215		1.004496403		0.6888860566		0.0007417885115		-0.008433648076
0.7607607608		-3.876724295		-2.602421148		1.019509302		0.6989644448		0.0007639752557		-0.008455855775
0.7707707708		-3.866443659		-2.595373932		1.034602327		0.7090960562		0.0007866095955		-0.008478511508
0.7807807808		-3.856011536		-2.58822503		1.04977731		0.7192821115		0.0008096995778		-0.00850162333
0.7907907908		-3.845427096		-2.58097389		1.065036125		0.7295238597		0.0008332535052		-0.008525199552
0.8008008008		-3.834689491		-2.573619948		1.080380693		0.7398225791		0.0008572799451		-0.00854924875
0.8108108108		-3.823797853		-2.566162627		1.095812976		0.750179578		0.0008817877393		-0.008573779774
0.8208208208		-3.812751293		-2.558601338		1.111334988		0.7605961965		0.0009067860145		-0.008598801758
0.8308308308		-3.801548904		-2.550935476		1.126948787		0.7710738069		0.0009322841925		-0.008624324134
0.8408408408		-3.790189756		-2.543164425		1.142656487		0.7816138154		0.000958292002		-0.008650356638
0.8508508509		-3.778672898		-2.535287552		1.158460251		0.7922176633		0.0009848194901		-0.008676909325
0.8608608609		-3.766997359		-2.527304211		1.174362299		0.8028868279		0.001011877034		-0.008703992581
0.8708708709		-3.755162142		-2.519213742		1.190364907		0.8136228243		0.001039475356		-0.008731617138
0.8808808809		-3.743166229		-2.511015466		1.206470408		0.8244272068		0.001067625533		-0.008759794081
0.8908908909		-3.73100858		-2.502708692		1.2226812		0.83530157		0.001096339015		-0.008788534869
0.9009009009		-3.718688127		-2.494292712		1.238999741		0.8462475509		0.001125627638		-0.008817851348
0.9109109109		-3.70620378		-2.4857668		1.255428557		0.8572668299		0.00115550364		-0.008847755765
0.9209209209		-3.693554422		-2.477130213		1.271970242		0.8683611332		0.001185979677		-0.008878260787
0.9309309309		-3.680738911		-2.468382192		1.28862746		0.8795322338		0.001217068841		-0.008909379514
0.9409409409		-3.667756075		-2.45952196		1.305402951		0.8907819542		0.001248784677		-0.008941125505
0.950950951		-3.654604717		-2.45054872		1.322299531		0.9021121677		0.001281141206		-0.008973512789
0.960960961		-3.641283612		-2.441461656		1.339320095		0.9135248007		0.001314152939		-0.00900655589
0.970970971		-3.627791502		-2.432259935		1.356467623		0.9250218349		0.001347834903		-0.009040269847
0.980980981		-3.614127103		-2.422942701		1.373745181		0.9366053093		0.001382202663		-0.009074670236
0.990990991		-3.600289096		-2.413509078		1.391155924		0.948277323		0.001417272344		-0.009109773195
1.001001001		-3.586276133		-2.40395817		1.408703104		0.9600400373		0.001453060654		-0.009145595447
1.011011011		-3.572086832		-2.394289057		1.426390068		0.9718956784		0.001489584918		-0.009182154329
1.021021021		-3.557719776		-2.384500799		1.444220266		0.9838465402		0.001526863096		-0.009219467817
1.031031031		-3.543173513		-2.37459243		1.462197255		0.9958949872		0.00156491382		-0.009257554557
1.041041041		-3.528446557		-2.364562961		1.480324703		1.008043457		0.001603756419		-0.009296433894
1.051051051		-3.513537383		-2.354411379		1.498606393		1.020294466		0.001643410958		-0.00933612591
1.061061061		-3.498444427		-2.344136646		1.517046228		1.032650608		0.001683898268		-0.009376651452
1.071071071		-3.483166087		-2.333737694		1.535648241		1.045114561		0.001725239983		-0.009418032172
1.081081081		-3.467700719		-2.323213431		1.554416592		1.057689093		0.00176745858		-0.009460290567
1.091091091		-3.452046636		-2.312562737		1.573355584		1.070377061		0.001810577423		-0.009503450019
1.101101101		-3.436202108		-2.301784461		1.59246966		1.083181417		0.0018546208		-0.009547534837
1.111111111		-3.420165361		-2.290877423		1.611763416		1.096105216		0.001899613976		-0.009592570306
1.121121121		-3.403934573		-2.279840413		1.631241605		1.109151614		0.001945583238		-0.009638582735
1.131131131		-3.387507872		-2.268672186		1.650909145		1.12232388		0.001992555949		-0.009685599511
1.141141141		-3.370883338		-2.257371466		1.67077113		1.135625395		0.002040560603		-0.009733649152
1.151151151		-3.354059		-2.245936943		1.690832831		1.149059661		0.002089626884		-0.009782761366
1.161161161		-3.337032831		-2.234367269		1.711099713		1.162630308		0.00213978573		-0.009832967118
1.171171171		-3.31980275		-2.22266106		1.731577439		1.176341095		0.0021910694		-0.009884298693
1.181181181		-3.302366616		-2.210816896		1.752271882		1.190195923		0.002243511543		-0.009936789768
1.191191191		-3.284722232		-2.198833314		1.773189136		1.204198837		0.002297147276		-0.009990475492
1.201201201		-3.266867334		-2.186708811		1.794335525		1.218354036		0.002352013266		-0.01004539256
1.211211211		-3.248799599		-2.174441842		1.815717616		1.23266588		0.002408147817		-0.01010157931
1.221221221		-3.230516631		-2.162030816		1.837342235		1.247138899		0.002465590961		-0.01015907581
1.231231231		-3.21201597		-2.149474096		1.859216475		1.261777799		0.002524384559		-0.01021792395
1.241241241		-3.19329508		-2.136769999		1.881347714		1.276587479		0.002584572406		-0.01027816756
1.251251251		-3.174351351		-2.123916789		1.903743628		1.291573031		0.002646200347		-0.01033985253
1.261261261		-3.155182095		-2.110912681		1.926412209		1.30673976		0.0027093164		-0.01040302692
1.271271271		-3.13578454		-2.097755833		1.949361785		1.322093188		0.002773970884		-0.01046774108
1.281281281		-3.116155833		-2.084444349		1.972601033		1.337639074		0.002840216563		-0.01053404783
1.291291291		-3.096293028		-2.070976272		1.996139002		1.353383419		0.002908108797		-0.01060200256
1.301301301		-3.07619309		-2.057349586		2.019985136		1.369332488		0.002977705706		-0.01067166345
1.311311311		-3.055852885		-2.043562208		2.044149295		1.385492819		0.003049068346		-0.01074309159
1.321321321		-3.03526918		-2.029611992		2.068641779		1.401871244		0.003122260898		-0.01081635123
1.331331331		-3.014438635		-2.015496718		2.093473359		1.418474903		0.003197350877		-0.01089150993
1.341341341		-2.993357802		-2.001214096		2.118655297		1.435311265		0.003274409348		-0.01096863881
1.351351351		-2.972023114		-1.986761758		2.144199388		1.452388147		0.003353511172		-0.01104781279
1.361361361		-2.950430887		-1.972137256		2.170117982		1.469713736		0.003434735262		-0.01112911085
1.371371371		-2.928577309		-1.957338059		2.196424028		1.487296616		0.003518164868		-0.01121261629
1.381381381		-2.906458434		-1.942361548		2.223131108		1.505145787		0.003603887881		-0.01129841707
1.391391391		-2.884070179		-1.927205011		2.250253479		1.523270696		0.003691997168		-0.01138660614
1.401401401		-2.861408314		-1.911865638		2.277806122		1.54168127		0.003782590933		-0.01147728175
1.411411411		-2.838468455		-1.896340521		2.305804784		1.560387942		0.003875773115		-0.01157054793
1.421421421		-2.815246056		-1.88062664		2.334266038		1.579401688		0.003971653815		-0.01166651486
1.431431431		-2.791736402		-1.864720867		2.363207336		1.59873407		0.00407034977		-0.01176529935
1.441441441		-2.767934598		-1.848619952		2.392647074		1.618397268		0.00417198487		-0.01186702537
1.451451451		-2.74383556		-1.832320522		2.422604659		1.638404135		0.004276690722		-0.01197182461
1.461461461		-2.719434004		-1.815819069		2.453100582		1.658768239		0.004384607268		-0.01207983712
1.471471471		-2.694724437		-1.799111948		2.484156505		1.679503917		0.004495883474		-0.01219121193
1.481481481		-2.669701141		-1.782195367		2.515795342		1.700626339		0.004610678075		-0.01230610788
1.491491491		-2.644358164		-1.765065375		2.548041364		1.722151567		0.004729160405		-0.01242469441
1.501501502		-2.618689302		-1.747717858		2.580920299		1.744096627		0.004851511318		-0.01254715245
1.511511512		-2.592688088		-1.730148526		2.614459457		1.766479588		0.004977924192		-0.0126736755
1.521521522		-2.566347772		-1.712352901		2.648687852		1.789319643		0.005108606062		-0.01280447068
1.531531532		-2.539661304		-1.69432631		2.683636352		1.812637211		0.005243778863		-0.01293976003
1.541541542		-2.512621318		-1.676063868		2.71933783		1.836454032		0.005383680824		-0.01307978189
1.551551552		-2.485220106		-1.657560464		2.755827347		1.860793289		0.005528568016		-0.01322479244
1.561561562		-2.457449599		-1.638810749		2.793142339		1.885679731		0.005678716086		-0.01337506742
1.571571572		-2.429301341		-1.619809118		2.831322834		1.91113982		0.005834422202		-0.01353090412
1.581581582		-2.40076646		-1.600549692		2.870411698		1.937201886		0.005996007234		-0.01369262352
1.591591592		-2.371835641		-1.581026297		2.910454899		1.963896305		0.006163818209		-0.01386057276
1.601601602		-2.342499094		-1.561232448		2.951501808		1.991255698		0.00633823109		-0.01403512792
1.611611612		-2.312746516		-1.541161318		2.993605541		2.019315151		0.006519653907		-0.01421669717
1.621621622		-2.282567051		-1.520805718		3.036823334		2.048112469		0.006708530325		-0.01440572428
1.631631632		-2.251949252		-1.500158066		3.081216979		2.077688457		0.006905343698		-0.01460269276
1.641641642		-2.220881026		-1.479210354		3.126853303		2.108087239		0.007110621694		-0.0148081304
1.651651652		-2.189349586		-1.457954117		3.173804728		2.139356621		0.0073249416		-0.01502261462
1.661661662		-2.157341392		-1.436380392		3.222149891		2.171548505		0.007548936413		-0.01524677855
1.671671672		-2.124842081		-1.414479673		3.271974368		2.204719359		0.00778330186		-0.01548131803
1.681681682		-2.091836399		-1.392241866		3.323371498		2.238930761		0.008028804532		-0.01572699974
1.691691692		-2.058308117		-1.369656234		3.376443323		2.274250016		0.008286291323		-0.01598467064
1.701701702		-2.024239936		-1.346711335		3.431301689		2.310750879		0.008556700451		-0.01625526894
1.711711712		-1.989613388		-1.323394955		3.488069512		2.348514382		0.008841074363		-0.01653983704
1.721721722		-1.954408715		-1.29969403		3.546882256		2.38762981		0.009140574926		-0.01683953666
1.731731732		-1.918604735		-1.275594558		3.607889662		2.42819583		0.0094565014		-0.01715566679
1.741741742		-1.882178692		-1.251081501		3.671257777		2.470321824		0.009790311791		-0.01748968503
1.751751752		-1.84510608		-1.226138666		3.737171364		2.514129467		0.01014364839		-0.01784323305
1.761761762		-1.807360446		-1.200748579		3.805836747		2.559754594		0.01051836846		-0.01821816723
1.771771772		-1.768913153		-1.174892328		3.877485228		2.607349436		0.01091658139		-0.01861659573
1.781781782		-1.729733114		-1.148549391		3.95237719		2.657085307		0.01134069389		-0.01904092356
1.791791792		-1.689786482		-1.121697427		4.03080706		2.709155853		0.0117934655		-0.01949390794
1.801801802		-1.649036276		-1.094312036		4.113109371		2.763781021		0.01227807712		-0.01997872666
1.811811812		-1.60744195		-1.066366475		4.199666204		2.821211926		0.01279821648		-0.02049906319
1.821821822		-1.564958875		-1.037831317		4.290916422		2.881736881		0.0133581856		-0.02105921378
1.831831832		-1.521537717		-1.008674045		4.387367208		2.945688949		0.0139630372		-0.0216642233
1.841841842		-1.477123695		-0.9788585654		4.48960865		3.013455458		0.01461874981		-0.0223200595
1.851851852		-1.431655662		-0.9483446068		4.598332365		3.085490164		0.01533245504		-0.02303383917
1.861861862		-1.385064989		-0.9170869905		4.714355571		3.162328959		0.01611273645		-0.02381412518
1.871871872		-1.33727417		-0.8850347177		4.838652612		3.244610419		0.01697002793		-0.02467132234
1.881881882		-1.288195067		-0.852129825		4.972396852		3.333103108		0.01791715339		-0.02561821301
1.891891892		-1.237726685		-0.8183059268		5.117017262		3.428742427		0.01897007014		-0.0266706943
1.901901902		-1.185752279		-0.783486333		5.274276272		3.532681265		0.02014891356		-0.02784881266
1.911911912		-1.132135568		-0.7475815771		5.44637911		3.646361092		0.02147949732		-0.02917824759
1.921921922		-1.07671566		-0.7104861109		5.636131046		3.771614092		0.02299552301		-0.03069249298
1.931931932		-1.019300112		-0.6720737875		5.847169753		3.910813953		0.02474192995		-0.0324361568
1.941941942		-0.9596552048		-0.6321915373		6.084319766		4.067105618		0.02678014756		-0.03447012059
1.951951952		-0.8974919086		-0.5906502516		6.354153774		4.244768682		0.02919666567		-0.03687992824
1.961961962		-0.832444919		-0.5472111833		6.665922369		4.449818452		0.03211770264		-0.03979007618
1.971971972		-0.7640400093		-0.5015647971		7.033181182		4.691056165		0.03573582274		-0.0433897804
1.981981982		-0.691640491		-0.453296145		7.47684226		4.982034679		0.04036191986		-0.04798285043
1.991991992		-0.6143534776		-0.4018243631		8.031433138		5.345081156		0.0465369054		-0.05409343725
2.002002002		-0.5308510388		-0.3462875132		8.759598466		5.820589821		0.05530491557		-0.06271938205
2.012012012		-0.4389861409		-0.2852960384		9.792201898		6.492618202		0.06902065456		-0.07605440677
2.022022022		-0.3348109607		-0.2163051668		11.4761444		7.582677337		0.09459944289		-0.1001917373
2.032032032		-0.2092335003		-0.1334906863		15.35535858		10.06488453		0.1685444688		-0.1621362293
2.042042042		-0.02739637456		-0.01480597707		271.4154562		143.482995		47.12685987		-1.500427867
2.052052052		5.224509367		2.739041747		524.6603634		275.1067551		175.4761118		-0.006686732311
2.062062062		10.4763146		5.492836768		524.6540949		275.1034681		175.4719187		-0.003334327082
2.072072072		15.72809485		8.246618686		524.6522928		275.1025232		175.4707133		-0.002220886839
2.082082082		20.97986401		11.00039479		524.6514278		275.1020696		175.4701347		-0.001664917817
2.092092092		26.23162694		13.75416763		524.6509175		275.101802		175.4697933		-0.001331576118
2.102102102		31.48338588		16.50793837		524.6505802		275.1016251		175.4695677		-0.001109448031
2.112112112		36.73514206		19.26170767		524.6503405		275.1014994		175.4694074		-0.0009508338907
2.122122122		41.9868962		22.0154759		524.6501613		275.1014055		175.4692875		-0.0008318999357
2.132132132		47.23864879		24.76924331		524.6500222		275.1013325		175.4691945		-0.0007394115291
2.142142142		52.49040015		27.52301008		524.6499111		275.1012743		175.4691202		-0.0006654307392
2.152152152		57.74215052		30.27677633		524.6498203		275.1012267		175.4690594		-0.0006049075673
2.162162162		62.99390006		33.03054215		524.6497447		275.101187		175.4690089		-0.000554476102
2.172172172		68.24564891		35.7843076		524.6496808		275.1011535		175.4689661		-0.0005118065256
2.182182182		73.49739717		38.53807275		524.649626		275.1011248		175.4689295		-0.0004752349383
2.192192192		78.74914492		41.29183763		524.6495786		275.1010999		175.4688977		-0.0004435413056
2.202202202		84.00089224		44.04560228		524.6495371		275.1010781		175.46887		-0.0004158107042
2.212212212		89.25263916		46.79936672		524.6495004		275.1010589		175.4688455		-0.000391343555
2.222222222		94.50438574		49.55313099		524.6494679		275.1010419		175.4688237		-0.0003695957871
2.232232232		99.75613201		52.30689509		524.6494388		275.1010266		175.4688042		-0.0003501379033
2.242242242		105.007878		55.06065905		524.6494126		275.1010129		175.4687867		-0.000332626329
2.252252252		110.2596238		57.81442287		524.6493889		275.1010005		175.4687709		-0.0003167829488
2.262262262		115.5113693		60.56818658		524.6493674		275.1009892		175.4687565		-0.0003023802265
2.272272272		120.7631146		63.32195018		524.6493477		275.1009789		175.4687433		-0.0002892302062
2.282282282		126.0148597		66.07571369		524.6493297		275.1009694		175.4687313		-0.0002771762653
2.292292292		131.2666047		68.8294771		524.6493131		275.1009607		175.4687202		-0.0002660868461
2.302302302		136.5183495		71.58324043		524.6492978		275.1009527		175.46871		-0.0002558506347
2.312312312		141.7700941		74.33700368		524.6492837		275.1009453		175.4687005		-0.0002463728113
2.322322322		147.0218386		77.09076686		524.6492705		275.1009384		175.4686917		-0.0002375721047
2.332332332		152.273583		79.84452998		524.6492583		275.100932		175.4686835		-0.0002293784553
2.342342342		157.5253273		82.59829303		524.6492469		275.100926		175.4686759		-0.0002217311465
2.352352352		162.7770714		85.35205602		524.6492362		275.1009204		175.4686687		-0.0002145772976
2.362362362		168.0288155		88.10581896		524.6492261		275.1009151		175.468662		-0.0002078706389
2.372372372		173.2805595		90.85958185		524.6492167		275.1009102		175.4686557		-0.0002015705102
2.382382382		178.5323033		93.61334469		524.6492079		275.1009055		175.4686498		-0.0001956410356
2.392392392		183.7840471		96.36710749		524.6491995		275.1009012		175.4686442		-0.0001900504398
2.402402402		189.0357908		99.12087024		524.6491916		275.100897		175.4686389		-0.0001847704788
2.412412412		194.2875344		101.874633		524.6491842		275.1008931		175.4686339		-0.0001797759623
2.422422422		199.539278		104.6283956		524.6491771		275.1008894		175.4686292		-0.000175044352
2.432432432		204.7910215		107.3821583		524.6491704		275.1008859		175.4686247		-0.0001705554217
2.442442442		210.0427649		110.1359209		524.649164		275.1008825		175.4686204		-0.0001662909678
2.452452452		215.2945082		112.8896834		524.649158		275.1008794		175.4686164		-0.0001622345632
2.462462462		220.5462515		115.643446		524.6491522		275.1008763		175.4686125		-0.0001583713453
2.472472472		225.7979948		118.3972085		524.6491467		275.1008735		175.4686088		-0.0001546878342
2.482482482		231.0497379		121.150971		524.6491414		275.1008707		175.4686053		-0.0001511717758
2.492492492		236.3014811		123.9047334		524.6491364		275.1008681		175.468602		-0.0001478120052
2.502502503		241.5532241		126.6584959		524.6491316		275.1008656		175.4685988		-0.0001445983285
2.512512513		246.8049672		129.4122583		524.649127		275.1008631		175.4685957		-0.0001415214195
2.522522523		252.0567102		132.1660206		524.6491226		275.1008608		175.4685927		-0.0001385727293
2.532532533		257.3084531		134.919783		524.6491184		275.1008586		175.4685899		-0.000135744407
2.542542543		262.560196		137.6735453		524.6491143		275.1008565		175.4685872		-0.0001330292296
2.552552553		267.8119389		140.4273077		524.6491104		275.1008544		175.4685846		-0.0001304205409
2.562562563		273.0636817		143.18107		524.6491067		275.1008525		175.4685821		-0.0001279121967
2.572572573		278.3154245		145.9348322		524.6491031		275.1008506		175.4685797		-0.0001254985165
2.582582583		283.5671673		148.6885945		524.6490996		275.1008488		175.4685774		-0.0001231742407
2.592592593		288.81891		151.4423567		524.6490963		275.100847		175.4685751		-0.0001209344922
2.602602603		294.0706527		154.196119		524.649093		275.1008453		175.468573		-0.0001187747424
2.612612613		299.3223953		156.9498812		524.6490899		275.1008437		175.4685709		-0.0001166907803
2.622622623		304.574138		159.7036434		524.6490869		275.1008421		175.4685689		-0.0001146786856
2.632632633		309.8258806		162.4574055		524.649084		275.1008406		175.4685669		-0.0001127348037
2.642642643		315.0776231		165.2111677		524.6490812		275.1008391		175.4685651		-0.0001108557236
2.652652653		320.3293657		167.9649298		524.6490785		275.1008377		175.4685632		-0.0001090382581
2.662662663		325.5811082		170.718692		524.6490759		275.1008363		175.4685615		-0.0001072794255
2.672672673		330.8328507		173.4724541		524.6490733		275.100835		175.4685598		-0.0001055764336
2.682682683		336.0845931		176.2262162		524.6490709		275.1008337		175.4685581		-0.0001039266646
2.692692693		341.3363356		178.9799783		524.6490685		275.1008324		175.4685565		-0.000102327662
2.702702703		346.588078		181.7337404		524.6490662		275.1008312		175.468555		-0.0001007771178
2.712712713		351.8398204		184.4875024		524.6490639		275.1008301		175.4685535		-9.927286229e-05
2.722722723		357.0915628		187.2412645		524.6490617		275.1008289		175.468552		-9.781285302e-05
2.732732733		362.3433051		189.9950265		524.6490596		275.1008278		175.4685506		-9.639516612e-05
2.742742743		367.5950474		192.7487886		524.6490576		275.1008267		175.4685492		-9.501798765e-05
2.752752753		372.8467897		195.5025506		524.6490556		275.1008257		175.4685479		-9.367960586e-05
2.762762763		378.098532		198.2563126		524.6490536		275.1008247		175.4685466		-9.237840409e-05
2.772772773		383.3502743		201.0100746		524.6490517		275.1008237		175.4685453		-9.111285428e-05
2.782782783		388.6020165		203.7638366		524.6490499		275.1008227		175.4685441		-8.988151098e-05
2.792792793		393.8537588		206.5175986		524.6490481		275.1008218		175.4685429		-8.868300584e-05
2.802802803		399.105501		209.2713606		524.6490464		275.1008208		175.4685417		-8.751604252e-05
2.812812813		404.3572432		212.0251225		524.6490447		275.10082		175.4685406		-8.637939204e-05
2.822822823		409.6089854		214.7788845		524.649043		275.1008191		175.4685395		-8.527188842e-05
2.832832833		414.8607275		217.5326464		524.6490414		275.1008182		175.4685384		-8.419242477e-05
2.842842843		420.1124697		220.2864084		524.6490398		275.1008174		175.4685374		-8.31399495e-05
2.852852853		425.3642118		223.0401703		524.6490383		275.1008166		175.4685363		-8.211346299e-05
2.862862863		430.6159539		225.7939322		524.6490368		275.1008158		175.4685353		-8.111201436e-05
2.872872873		435.867696		228.5476942		524.6490353		275.1008151		175.4685344		-8.013469857e-05
2.882882883		441.1194381		231.3014561		524.6490339		275.1008143		175.4685334		-7.918065368e-05
2.892892893		446.3711802		234.055218		524.6490325		275.1008136		175.4685325		-7.824905831e-05
2.902902903		451.6229223		236.8089799		524.6490312		275.1008129		175.4685316		-7.733912929e-05
2.912912913		456.8746643		239.5627417		524.6490298		275.1008122		175.4685307		-7.645011946e-05
2.922922923		462.1264063		242.3165036		524.6490285		275.1008115		175.4685298		-7.558131562e-05
2.932932933		467.3781484		245.0702655		524.6490273		275.1008108		175.468529		-7.473203663e-05
2.942942943		472.6298904		247.8240274		524.649026		275.1008102		175.4685281		-7.390163163e-05
2.952952953		477.8816324		250.5777892		524.6490248		275.1008095		175.4685273		-7.308947835e-05
2.962962963		483.1333743		253.3315511		524.6490236		275.1008089		175.4685265		-7.22949816e-05
2.972972973		488.3851163		256.0853129		524.6490225		275.1008083		175.4685258		-7.151757178e-05
2.982982983		493.6368583		258.8390748		524.6490213		275.1008077		175.468525		-7.075670353e-05
2.992992993		498.8886002		261.5928366		524.6490202		275.1008071		175.4685242		-7.001185446e-05
3.003003003		504.1403422		264.3465984		524.6490191		275.1008066		175.4685235		-6.928252394e-05
3.013013013		509.3920841		267.1003603		524.6490181		275.100806		175.4685228		-6.856823198e-05
3.023023023		514.643826		269.8541221		524.649017		275.1008055		175.4685221		-6.786851821e-05
3.033033033		519.8955679		272.6078839		524.649016		275.1008049		175.4685214		-6.718294082e-05
3.043043043		525.1473098		275.3616457		524.649015		275.1008044		175.4685207		-6.651107572e-05
3.053053053		530.3990517		278.1154075		524.649014		275.1008039		175.4685201		-6.585251557e-05
3.063063063		535.6507936		280.8691693		524.649013		275.1008034		175.4685194		-6.520686905e-05
3.073073073		540.9025354		283.6229311		524.6490121		275.1008029		175.4685188		-6.457375999e-05
3.083083083		546.1542773		286.3766929		524.6490112		275.1008024		175.4685182		-6.395282673e-05
3.093093093		551.4060192		289.1304547		524.6490102		275.1008019		175.4685176		-6.334372138e-05
3.103103103		556.657761		291.8842164		524.6490094		275.1008014		175.468517		-6.274610915e-05
3.113113113		561.9095028		294.6379782		524.6490085		275.100801		175.4685164		-6.21596678e-05
3.123123123		567.1612446		297.39174		524.6490076		275.1008005		175.4685158		-6.158408701e-05
3.133133133		572.4129865		300.1455018		524.6490068		275.1008001		175.4685153		-6.101906786e-05
3.143143143		577.6647283		302.8992635		524.6490059		275.1007997		175.4685147		-6.046432227e-05
3.153153153		582.9164701		305.6530253		524.6490051		275.1007992		175.4685142		-5.991957258e-05
3.163163163		588.1682119		308.406787		524.6490043		275.1007988		175.4685136		-5.938455103e-05
3.173173173		593.4199536		311.1605488		524.6490036		275.1007984		175.4685131		-5.885899933e-05
3.183183183		598.6716954		313.9143105		524.6490028		275.100798		175.4685126		-5.834266826e-05
3.193193193		603.9234372		316.6680723		524.649002		275.1007976		175.4685121		-5.783531728e-05
3.203203203		609.1751789		319.421834		524.6490013		275.1007972		175.4685116		-5.733671413e-05
3.213213213		614.4269207		322.1755957		524.6490005		275.1007968		175.4685111		-5.68466345e-05
3.223223223		619.6786624		324.9293575		524.6489998		275.1007964		175.4685106		-5.636486168e-05
3.233233233		624.9304042		327.6831192		524.6489991		275.1007961		175.4685101		-5.589118625e-05
3.243243243		630.1821459		330.4368809		524.6489984		275.1007957		175.4685097		-5.542540575e-05
3.253253253		635.4338876		333.1906426		524.6489977		275.1007954		175.4685092		-5.496732445e-05
3.263263263		640.6856293		335.9444043		524.6489971		275.100795		175.4685088		-5.4516753e-05
3.273273273		645.937371		338.698166		524.6489964		275.1007947		175.4685083		-5.407350823e-05
3.283283283		651.1891127		341.4519277		524.6489958		275.1007943		175.4685079		-5.363741288e-05
3.293293293		656.4408544		344.2056894		524.6489951		275.100794		175.4685075		-5.320829535e-05
3.303303303		661.6925961		346.9594511		524.6489945		275.1007936		175.468507		-5.27859895e-05
3.313313313		666.9443378		349.7132128		524.6489939		275.1007933		175.4685066		-5.237033441e-05
3.323323323		672.1960795		352.4669745		524.6489932		275.100793		175.4685062		-5.19611742e-05
3.333333333		677.4478212		355.2207362		524.6489926		275.1007927		175.4685058		-5.155835783e-05
3.343343343		682.6995628		357.9744979		524.6489921		275.1007924		175.4685054		-5.116173888e-05
3.353353353		687.9513045		360.7282596		524.6489915		275.1007921		175.468505		-5.077117543e-05
3.363363363		693.2030461		363.4820213		524.6489909		275.1007918		175.4685046		-5.038652984e-05
3.373373373		698.4547878		366.235783		524.6489903		275.1007915		175.4685043		-5.000766864e-05
3.383383383		703.7065294		368.9895446		524.6489898		275.1007912		175.4685039		-4.96344623e-05
3.393393393		708.9582711		371.7433063		524.6489892		275.1007909		175.4685035		-4.926678516e-05
3.403403403		714.2100127		374.497068		524.6489887		275.1007906		175.4685032		-4.890451525e-05
3.413413413		719.4617543		377.2508296		524.6489882		275.1007903		175.4685028		-4.854753415e-05
3.423423423		724.7134959		380.0045913		524.6489876		275.1007901		175.4685025		-4.81957269e-05
3.433433433		729.9652376		382.758353		524.6489871		275.1007898		175.4685021		-4.784898181e-05
3.443443443		735.2169792		385.5121146		524.6489866		275.1007895		175.4685018		-4.750719041e-05
3.453453453		740.4687208		388.2658763		524.6489861		275.1007892		175.4685014		-4.71702473e-05
3.463463463		745.7204624		391.0196379		524.6489856		275.100789		175.4685011		-4.683805005e-05
3.473473473		750.972204		393.7733996		524.6489851		275.1007887		175.4685008		-4.651049908e-05
3.483483483		756.2239456		396.5271612		524.6489846		275.1007885		175.4685004		-4.61874976e-05
3.493493493		761.4756871		399.2809229		524.6489841		275.1007882		175.4685001		-4.586895148e-05
3.503503504		766.7274287		402.0346845		524.6489837		275.100788		175.4684998		-4.555476916e-05
3.513513514		771.9791703		404.7884462		524.6489832		275.1007877		175.4684995		-4.524486158e-05
3.523523524		777.2309119		407.5422078		524.6489828		275.1007875		175.4684992		-4.49391421e-05
3.533533534		782.4826534		410.2959694		524.6489823		275.1007873		175.4684989		-4.463752638e-05
3.543543544		787.734395		413.0497311		524.6489819		275.100787		175.4684986		-4.433993234e-05
3.553553554		792.9861366		415.8034927		524.6489814		275.1007868		175.4684983		-4.404628009e-05
3.563563564		798.2378781		418.5572543		524.648981		275.1007866		175.468498		-4.375649182e-05
3.573573574		803.4896197		421.3110159		524.6489806		275.1007863		175.4684977		-4.347049176e-05
3.583583584		808.7413612		424.0647776		524.6489801		275.1007861		175.4684974		-4.318820611e-05
3.593593594		813.9931027		426.8185392		524.6489797		275.1007859		175.4684972		-4.290956299e-05
3.603603604		819.2448443		429.5723008		524.6489793		275.1007857		175.4684969		-4.263449233e-05
3.613613614		824.4965858		432.3260624		524.6489789		275.1007855		175.4684966		-4.236292588e-05
3.623623624		829.7483273		435.079824		524.6489785		275.1007853		175.4684964		-4.20947971e-05
3.633633634		835.0000689		437.8335857		524.6489781		275.1007851		175.4684961		-4.183004111e-05
3.643643644		840.2518104		440.5873473		524.6489777		275.1007849		175.4684958		-4.156859469e-05
3.653653654		845.5035519		443.3411089		524.6489773		275.1007847		175.4684956		-4.131039615e-05
3.663663664		850.7552934		446.0948705		524.648977		275.1007845		175.4684953		-4.105538536e-05
3.673673674		856.0070349		448.8486321		524.6489766		275.1007843		175.4684951		-4.080350363e-05
3.683683684		861.2587764		451.6023937		524.6489762		275.1007841		175.4684948		-4.055469373e-05
3.693693694		866.5105179		454.3561553		524.6489758		275.1007839		175.4684946		-4.030889981e-05
3.703703704		871.7622594		457.1099169		524.6489755		275.1007837		175.4684943		-4.006606735e-05
3.713713714		877.0140009		459.8636785		524.6489751		275.1007835		175.4684941		-3.982614316e-05
3.723723724		882.2657424		462.6174401		524.6489748		275.1007833		175.4684939		-3.95890753e-05
3.733733734		887.5174839		465.3712017		524.6489744		275.1007831		175.4684936		-3.935481307e-05
3.743743744		892.7692254		468.1249633		524.6489741		275.1007829		175.4684934		-3.912330695e-05
3.753753754		898.0209669		470.8787249		524.6489737		275.1007828		175.4684932		-3.889450858e-05
3.763763764		903.2727083		473.6324865		524.6489734		275.1007826		175.4684929		-3.866837075e-05
3.773773774		908.5244498		476.386248		524.6489731		275.1007824		175.4684927		-3.84448473e-05
3.783783784		913.7761913		479.1400096		524.6489727		275.1007822		175.4684925		-3.822389317e-05
3.793793794		919.0279328		481.8937712		524.6489724		275.1007821		175.4684923		-3.80054643e-05
3.803803804		924.2796742		484.6475328		524.6489721		275.1007819		175.4684921		-3.778951766e-05
3.813813814		929.5314157		487.4012944		524.6489718		275.1007817		175.4684918		-3.757601116e-05
3.823823824		934.7831571		490.1550559		524.6489714		275.1007816		175.4684916		-3.736490369e-05
3.833833834		940.0348986		492.9088175		524.6489711		275.1007814		175.4684914		-3.715615503e-05
3.843843844		945.28664		495.6625791		524.6489708		275.1007812		175.4684912		-3.694972586e-05
3.853853854		950.5383815		498.4163407		524.6489705		275.1007811		175.468491		-3.674557775e-05
3.863863864		955.7901229		501.1701022		524.6489702		275.1007809		175.4684908		-3.654367309e-05
3.873873874		961.0418644		503.9238638		524.6489699		275.1007808		175.4684906		-3.63439751e-05
3.883883884		966.2936058		506.6776254		524.6489696		275.1007806		175.4684904		-3.61464478e-05
3.893893894		971.5453473		509.4313869		524.6489693		275.1007805		175.4684902		-3.5951056e-05
3.903903904		976.7970887		512.1851485		524.648969		275.1007803		175.46849		-3.575776524e-05
3.913913914		982.0488301		514.9389101		524.6489688		275.1007802		175.4684898		-3.556654183e-05
3.923923924		987.3005716		517.6926716		524.6489685		275.10078		175.4684896		-3.537735276e-05
3.933933934		992.552313		520.4464332		524.6489682		275.1007799		175.4684895		-3.519016575e-05
3.943943944		997.8040544		523.2001948		524.6489679		275.1007797		175.4684893		-3.500494918e-05
3.953953954		1003.055796		525.9539563		524.6489677		275.1007796		175.4684891		-3.482167211e-05
3.963963964		1008.307537		528.7077179		524.6489674		275.1007794		175.4684889		-3.464030423e-05
3.973973974		1013.559279		531.4614794		524.6489671		275.1007793		175.4684887		-3.446081586e-05
3.983983984		1018.81102		534.215241		524.6489668		275.1007792		175.4684886		-3.428317793e-05
3.993993994		1024.062761		536.9690025		524.6489666		275.100779		175.4684884		-3.410736198e-05
4.004004004		1029.314503		539.7227641		524.6489663		275.1007789		175.4684882		-3.393334012e-05
4.014014014		1034.566244		542.4765256		524.6489661		275.1007787		175.468488		-3.376108503e-05
4.024024024		1039.817986		545.2302872		524.6489658		275.1007786		175.4684879		-3.359056994e-05
4.034034034		1045.069727		547.9840487		524.6489656		275.1007785		175.4684877		-3.342176861e-05
4.044044044		1050.321468		550.7378103		524.6489653		275.1007783		175.4684875		-3.325465533e-05
4.054054054		1055.57321		553.4915718		524.6489651		275.1007782		175.4684874		-3.308920493e-05
4.064064064		1060.824951		556.2453334		524.6489648		275.1007781		175.4684872		-3.292539268e-05
4.074074074		1066.076693		558.9990949		524.6489646		275.100778		175.468487		-3.27631944e-05
4.084084084		1071.328434		561.7528564		524.6489643		275.1007778		175.4684869		-3.260258633e-05
4.094094094		1076.580175		564.506618		524.6489641		275.1007777		175.4684867		-3.244354521e-05
4.104104104		1081.831917		567.2603795		524.6489639		275.1007776		175.4684866		-3.228604822e-05
4.114114114		1087.083658		570.0141411		524.6489636		275.1007775		175.4684864		-3.213007298e-05
4.124124124		1092.3354		572.7679026		524.6489634		275.1007773		175.4684862		-3.197559754e-05
4.134134134		1097.587141		575.5216641		524.6489632		275.1007772		175.4684861		-3.182260037e-05
4.144144144		1102.838882		578.2754257		524.6489629		275.1007771		175.4684859		-3.167106035e-05
4.154154154		1108.090624		581.0291872		524.6489627		275.100777		175.4684858		-3.152095677e-05
4.164164164		1113.342365		583.7829487		524.6489625		275.1007769		175.4684856		-3.13722693e-05
4.174174174		1118.594106		586.5367103		524.6489623		275.1007768		175.4684855		-3.122497798e-05
4.184184184		1123.845848		589.2904718		524.6489621		275.1007766		175.4684854		-3.107906326e-05
4.194194194		1129.097589		592.0442333		524.6489618		275.1007765		175.4684852		-3.093450591e-05
4.204204204		1134.34933		594.7979948		524.6489616		275.1007764		175.4684851		-3.07912871e-05
4.214214214		1139.601072		597.5517564		524.6489614		275.1007763		175.4684849		-3.06493883e-05
4.224224224		1144.852813		600.3055179		524.6489612		275.1007762		175.4684848		-3.050879136e-05
4.234234234		1150.104555		603.0592794		524.648961		275.1007761		175.4684846		-3.036947844e-05
4.244244244		1155.356296		605.8130409		524.6489608		275.100776		175.4684845		-3.023143203e-05
4.254254254		1160.608037		608.5668025		524.6489606		275.1007759		175.4684844		-3.009463494e-05
4.264264264		1165.859779		611.320564		524.6489604		275.1007758		175.4684842		-2.995907028e-05
4.274274274		1171.11152		614.0743255		524.6489602		275.1007757		175.4684841		-2.982472149e-05
4.284284284		1176.363261		616.828087		524.64896		275.1007756		175.468484		-2.969157226e-05
4.294294294		1181.615003		619.5818485		524.6489598		275.1007755		175.4684838		-2.955960661e-05
4.304304304		1186.866744		622.33561		524.6489596		275.1007754		175.4684837		-2.942880882e-05
4.314314314		1192.118485		625.0893716		524.6489594		275.1007753		175.4684836		-2.929916347e-05
4.324324324		1197.370227		627.8431331		524.6489592		275.1007752		175.4684834		-2.917065538e-05
4.334334334		1202.621968		630.5968946		524.648959		275.1007751		175.4684833		-2.904326966e-05
4.344344344		1207.873709		633.3506561		524.6489588		275.100775		175.4684832		-2.891699166e-05
4.354354354		1213.125451		636.1044176		524.6489586		275.1007749		175.4684831		-2.879180701e-05
4.364364364		1218.377192		638.8581791		524.6489585		275.1007748		175.4684829		-2.866770156e-05
4.374374374		1223.628933		641.6119406		524.6489583		275.1007747		175.4684828		-2.854466142e-05
4.384384384		1228.880675		644.3657021		524.6489581		275.1007746		175.4684827		-2.842267292e-05
4.394394394		1234.132416		647.1194636		524.6489579		275.1007745		175.4684826		-2.830172265e-05
4.404404404		1239.384157		649.8732251		524.6489577		275.1007744		175.4684825		-2.818179741e-05
4.414414414		1244.635899		652.6269866		524.6489576		275.1007743		175.4684823		-2.806288421e-05
4.424424424		1249.88764		655.3807482		524.6489574		275.1007742		175.4684822		-2.794497031e-05
4.434434434		1255.139381		658.1345097		524.6489572		275.1007741		175.4684821		-2.782804315e-05
4.444444444		1260.391122		660.8882712		524.648957		275.100774		175.468482		-2.771209042e-05
4.454454454		1265.642864		663.6420327		524.6489569		275.1007739		175.4684819		-2.759709996e-05
4.464464464		1270.894605		666.3957942		524.6489567		275.1007738		175.4684818		-2.748305986e-05
4.474474474		1276.146346		669.1495557		524.6489565		275.1007737		175.4684816		-2.736995839e-05
4.484484484		1281.398088		671.9033172		524.6489564		275.1007737		175.4684815		-2.725778399e-05
4.494494494		1286.649829		674.6570787		524.6489562		275.1007736		175.4684814		-2.714652532e-05
4.504504505		1291.90157		677.4108402		524.648956		275.1007735		175.4684813		-2.703617122e-05
4.514514515		1297.153312		680.1646016		524.6489559		275.1007734		175.4684812		-2.692671069e-05
4.524524525		1302.405053		682.9183631		524.6489557		275.1007733		175.4684811		-2.681813292e-05
4.534534535		1307.656794		685.6721246		524.6489555		275.1007732		175.468481		-2.671042729e-05
4.544544545		1312.908536		688.4258861		524.6489554		275.1007731		175.4684809		-2.660358331e-05
4.554554555		1318.160277		691.1796476		524.6489552		275.1007731		175.4684808		-2.649759071e-05
4.564564565		1323.412018		693.9334091		524.6489551		275.100773		175.4684807		-2.639243933e-05
4.574574575		1328.663759		696.6871706		524.6489549		275.1007729		175.4684806		-2.62881192e-05
4.584584585		1333.915501		699.4409321		524.6489548		275.1007728		175.4684805		-2.618462051e-05
4.594594595		1339.167242		702.1946936		524.6489546		275.1007727		175.4684804		-2.608193359e-05
4.604604605		1344.418983		704.9484551		524.6489544		275.1007727		175.4684803		-2.598004893e-05
4.614614615		1349.670725		707.7022166		524.6489543		275.1007726		175.4684802		-2.587895716e-05
4.624624625		1354.922466		710.455978		524.6489541		275.1007725		175.4684801		-2.577864907e-05
4.634634635		1360.174207		713.2097395		524.648954		275.1007724		175.46848		-2.567911557e-05
4.644644645		1365.425948		715.963501		524.6489538		275.1007723		175.4684799		-2.558034773e-05
4.654654655		1370.67769		718.7172625		524.6489537		275.1007723		175.4684798		-2.548233675e-05
4.664664665		1375.929431		721.471024		524.6489536		275.1007722		175.4684797		-2.538507395e-05
4.674674675		1381.181172		724.2247855		524.6489534		275.1007721		175.4684796		-2.528855082e-05
4.684684685		1386.432914		726.978547		524.6489533		275.100772		175.4684795		-2.519275893e-05
4.694694695		1391.684655		729.7323084		524.6489531		275.100772		175.4684794		-2.509769002e-05
4.704704705		1396.936396		732.4860699		524.648953		275.1007719		175.4684793		-2.500333592e-05
4.714714715		1402.188137		735.2398314		524.6489528		275.1007718		175.4684792		-2.490968861e-05
4.724724725		1407.439879		737.9935929		524.6489527		275.1007717		175.4684791		-2.481674017e-05
4.734734735		1412.69162		740.7473544		524.6489526		275.1007717		175.468479		-2.472448282e-05
4.744744745		1417.943361		743.5011158		524.6489524		275.1007716		175.4684789		-2.463290886e-05
4.754754755		1423.195102		746.2548773		524.6489523		275.1007715		175.4684788		-2.454201075e-05
4.764764765		1428.446844		749.0086388		524.6489522		275.1007715		175.4684787		-2.445178101e-05
4.774774775		1433.698585		751.7624003		524.648952		275.1007714		175.4684786		-2.436221231e-05
4.784784785		1438.950326		754.5161617		524.6489519		275.1007713		175.4684786		-2.427329741e-05
4.794794795		1444.202067		757.2699232		524.6489518		275.1007712		175.4684785		-2.418502917e-05
4.804804805		1449.453809		760.0236847		524.6489516		275.1007712		175.4684784		-2.409740057e-05
4.814814815		1454.70555		762.7774462		524.6489515		275.1007711		175.4684783		-2.401040469e-05
4.824824825		1459.957291		765.5312076		524.6489514		275.100771		175.4684782		-2.392403468e-05
4.834834835		1465.209032		768.2849691		524.6489512		275.100771		175.4684781		-2.383828382e-05
4.844844845		1470.460774		771.0387306		524.6489511		275.1007709		175.468478		-2.375314549e-05
4.854854855		1475.712515		773.792492		524.648951		275.1007708		175.4684779		-2.366861313e-05
4.864864865		1480.964256		776.5462535		524.6489509		275.1007708		175.4684779		-2.35846803e-05
4.874874875		1486.215997		779.300015		524.6489507		275.1007707		175.4684778		-2.350134065e-05
4.884884885		1491.467739		782.0537764		524.6489506		275.1007706		175.4684777		-2.34185879e-05
4.894894895		1496.71948		784.8075379		524.6489505		275.1007706		175.4684776		-2.333641589e-05
4.904904905		1501.971221		787.5612994		524.6489504		275.1007705		175.4684775		-2.325481852e-05
4.914914915		1507.222962		790.3150608		524.6489503		275.1007705		175.4684775		-2.317378979e-05
4.924924925		1512.474704		793.0688223		524.6489501		275.1007704		175.4684774		-2.309332376e-05
4.934934935		1517.726445		795.8225838		524.64895		275.1007703		175.4684773		-2.30134146e-05
4.944944945		1522.978186		798.5763452		524.6489499		275.1007703		175.4684772		-2.293405655e-05
4.954954955		1528.229927		801.3301067		524.6489498		275.1007702		175.4684771		-2.285524393e-05
4.964964965		1533.481669		804.0838682		524.6489497		275.1007701		175.4684771		-2.277697112e-05
4.974974975		1538.73341		806.8376296		524.6489495		275.1007701		175.468477		-2.269923262e-05
4.984984985		1543.985151		809.5913911		524.6489494		275.10077		175.4684769		-2.262202295e-05
4.994994995		1549.236892		812.3451526		524.6489493		275.10077		175.4684768		-2.254533675e-05
5.005005005		1554.488634		815.098914		524.6489492		275.1007699		175.4684768		-2.246916871e-05
5.015015015		1559.740375		817.8526755		524.6489491		275.1007698		175.4684767		-2.23935136e-05
5.025025025		1564.992116		820.6064369		524.648949		275.1007698		175.4684766		-2.231836625e-05
5.035035035		1570.243857		823.3601984		524.6489489		275.1007697		175.4684765		-2.224372156e-05
5.045045045		1575.495599		826.1139599		524.6489488		275.1007697		175.4684765		-2.216957451e-05
5.055055055		1580.74734		828.8677213		524.6489486		275.1007696		175.4684764		-2.209592015e-05
5.065065065		1585.999081		831.6214828		524.6489485		275.1007696		175.4684763		-2.202275356e-05
5.075075075		1591.250822		834.3752442		524.6489484		275.1007695		175.4684762		-2.195006994e-05
5.085085085		1596.502563		837.1290057		524.6489483		275.1007694		175.4684762		-2.187786451e-05
5.095095095		1601.754305		839.8827671		524.6489482		275.1007694		175.4684761		-2.180613256e-05
5.105105105		1607.006046		842.6365286		524.6489481		275.1007693		175.468476		-2.173486945e-05
5.115115115		1612.257787		845.39029		524.648948		275.1007693		175.4684759		-2.166407061e-05
5.125125125		1617.509528		848.1440515		524.6489479		275.1007692		175.4684759		-2.159373151e-05
5.135135135		1622.76127		850.897813		524.6489478		275.1007692		175.4684758		-2.152384769e-05
5.145145145		1628.013011		853.6515744		524.6489477		275.1007691		175.4684757		-2.145441474e-05
5.155155155		1633.264752		856.4053359		524.6489476		275.1007691		175.4684757		-2.138542831e-05
5.165165165		1638.516493		859.1590973		524.6489475		275.100769		175.4684756		-2.131688411e-05
5.175175175		1643.768234		861.9128588		524.6489474		275.1007689		175.4684755		-2.124877789e-05
5.185185185		1649.019976		864.6666202		524.6489473		275.1007689		175.4684755		-2.118110549e-05
5.195195195		1654.271717		867.4203817		524.6489472		275.1007688		175.4684754		-2.111386275e-05
5.205205205		1659.523458		870.1741431		524.6489471		275.1007688		175.4684753		-2.104704561e-05
5.215215215		1664.775199		872.9279046		524.648947		275.1007687		175.4684753		-2.098065004e-05
5.225225225		1670.02694		875.681666		524.6489469		275.1007687		175.4684752		-2.091467205e-05
5.235235235		1675.278682		878.4354275		524.6489468		275.1007686		175.4684751		-2.084910773e-05
5.245245245		1680.530423		881.1891889		524.6489467		275.1007686		175.4684751		-2.078395319e-05
5.255255255		1685.782164		883.9429504		524.6489466		275.1007685		175.468475		-2.071920461e-05
5.265265265		1691.033905		886.6967118		524.6489465		275.1007685		175.4684749		-2.065485819e-05
5.275275275		1696.285647		889.4504732		524.6489464		275.1007684		175.4684749		-2.059091021e-05
5.285285285		1701.537388		892.2042347		524.6489463		275.1007684		175.4684748		-2.052735699e-05
5.295295295		1706.789129		894.9579961		524.6489462		275.1007683		175.4684747		-2.046419486e-05
5.305305305		1712.04087		897.7117576		524.6489461		275.1007683		175.4684747		-2.040142024e-05
5.315315315		1717.292611		900.465519		524.648946		275.1007682		175.4684746		-2.033902956e-05
5.325325325		1722.544353		903.2192805		524.6489459		275.1007682		175.4684746		-2.027701933e-05
5.335335335		1727.796094		905.9730419		524.6489458		275.1007681		175.4684745		-2.021538606e-05
5.345345345		1733.047835		908.7268034		524.6489457		275.1007681		175.4684744		-2.015412633e-05
5.355355355		1738.299576		911.4805648		524.6489457		275.100768		175.4684744		-2.009323676e-05
5.365365365		1743.551317		914.2343262		524.6489456		275.100768		175.4684743		-2.003271399e-05
5.375375375		1748.803059		916.9880877		524.6489455		275.1007679		175.4684743		-1.997255474e-05
5.385385385		1754.0548		919.7418491		524.6489454		275.1007679		175.4684742		-1.991275572e-05
5.395395395		1759.306541		922.4956106		524.6489453		275.1007679		175.4684741		-1.985331372e-05
5.405405405		1764.558282		925.249372		524.6489452		275.1007678		175.4684741		-1.979422555e-05
5.415415415		1769.810023		928.0031334		524.6489451		275.1007678		175.468474		-1.973548805e-05
5.425425425		1775.061764		930.7568949		524.648945		275.1007677		175.468474		-1.967709812e-05
5.435435435		1780.313506		933.5106563		524.6489449		275.1007677		175.4684739		-1.961905268e-05
5.445445445		1785.565247		936.2644178		524.6489449		275.1007676		175.4684738		-1.956134868e-05
5.455455455		1790.816988		939.0181792		524.6489448		275.1007676		175.4684738		-1.950398313e-05
5.465465465		1796.068729		941.7719406		524.6489447		275.1007675		175.4684737		-1.944695306e-05
5.475475475		1801.32047		944.5257021		524.6489446		275.1007675		175.4684737		-1.939025553e-05
5.485485485		1806.572212		947.2794635		524.6489445		275.1007674		175.4684736		-1.933388764e-05
5.495495495		1811.823953		950.0332249		524.6489444		275.1007674		175.4684736		-1.927784653e-05
5.505505506		1817.075694		952.7869864		524.6489444		275.1007674		175.4684735		-1.922212936e-05
5.515515516		1822.327435		955.5407478		524.6489443		275.1007673		175.4684735		-1.916673333e-05
5.525525526		1827.579176		958.2945092		524.6489442		275.1007673		175.4684734		-1.911165567e-05
5.535535536		1832.830918		961.0482707		524.6489441		275.1007672		175.4684733		-1.905689365e-05
5.545545546		1838.082659		963.8020321		524.648944		275.1007672		175.4684733		-1.900244456e-05
5.555555556		1843.3344		966.5557935		524.6489439		275.1007671		175.4684732		-1.894830572e-05
5.565565566		1848.586141		969.309555		524.6489439		275.1007671		175.4684732		-1.88944745e-05
5.575575576		1853.837882		972.0633164		524.6489438		275.1007671		175.4684731		-1.884094828e-05
5.585585586		1859.089623		974.8170778		524.6489437		275.100767		175.4684731		-1.878772446e-05
5.595595596		1864.341365		977.5708393		524.6489436		275.100767		175.468473		-1.873480051e-05
5.605605606		1869.593106		980.3246007		524.6489435		275.1007669		175.468473		-1.868217388e-05
5.615615616		1874.844847		983.0783621		524.6489435		275.1007669		175.4684729		-1.862984209e-05
5.625625626		1880.096588		985.8321236		524.6489434		275.1007669		175.4684729		-1.857780265e-05
5.635635636		1885.348329		988.585885		524.6489433		275.1007668		175.4684728		-1.852605314e-05
5.645645646		1890.60007		991.3396464		524.6489432		275.1007668		175.4684728		-1.847459112e-05
5.655655656		1895.851812		994.0934078		524.6489432		275.1007667		175.4684727		-1.842341422e-05
5.665665666		1901.103553		996.8471693		524.6489431		275.1007667		175.4684727		-1.837252007e-05
5.675675676		1906.355294		999.6009307		524.648943		275.1007667		175.4684726		-1.832190632e-05
5.685685686		1911.607035		1002.354692		524.6489429		275.1007666		175.4684726		-1.827157069e-05
5.695695696		1916.858776		1005.108454		524.6489429		275.1007666		175.4684725		-1.822151086e-05
5.705705706		1922.110518		1007.862215		524.6489428		275.1007665		175.4684725		-1.817172459e-05
5.715715716		1927.362259		1010.615976		524.6489427		275.1007665		175.4684724		-1.812220965e-05
5.725725726		1932.614		1013.369738		524.6489426		275.1007665		175.4684724		-1.80729638e-05
5.735735736		1937.865741		1016.123499		524.6489426		275.1007664		175.4684723		-1.802398488e-05
5.745745746		1943.117482		1018.877261		524.6489425		275.1007664		175.4684723		-1.797527071e-05
5.755755756		1948.369223		1021.631022		524.6489424		275.1007663		175.4684722		-1.792681915e-05
5.765765766		1953.620965		1024.384784		524.6489423		275.1007663		175.4684722		-1.78786281e-05
5.775775776		1958.872706		1027.138545		524.6489423		275.1007663		175.4684721		-1.783069544e-05
5.785785786		1964.124447		1029.892306		524.6489422		275.1007662		175.4684721		-1.778301911e-05
5.795795796		1969.376188		1032.646068		524.6489421		275.1007662		175.468472		-1.773559705e-05
5.805805806		1974.627929		1035.399829		524.6489421		275.1007662		175.468472		-1.768842725e-05
5.815815816		1979.87967		1038.153591		524.648942		275.1007661		175.4684719		-1.764150769e-05
5.825825826		1985.131411		1040.907352		524.6489419		275.1007661		175.4684719		-1.759483638e-05
5.835835836		1990.383153		1043.661114		524.6489419		275.100766		175.4684718		-1.754841136e-05
5.845845846		1995.634894		1046.414875		524.6489418		275.100766		175.4684718		-1.750223069e-05
5.855855856		2000.886635		1049.168636		524.6489417		275.100766		175.4684717		-1.745629244e-05
5.865865866		2006.138376		1051.922398		524.6489416		275.1007659		175.4684717		-1.74105947e-05
5.875875876		2011.390117		1054.676159		524.6489416		275.1007659		175.4684717		-1.73651356e-05
5.885885886		2016.641858		1057.429921		524.6489415		275.1007659		175.4684716		-1.731991327e-05
5.895895896		2021.8936		1060.183682		524.6489414		275.1007658		175.4684716		-1.727492587e-05
5.905905906		2027.145341		1062.937443		524.6489414		275.1007658		175.4684715		-1.723017156e-05
5.915915916		2032.397082		1065.691205		524.6489413		275.1007658		175.4684715		-1.718564854e-05
5.925925926		2037.648823		1068.444966		524.6489412		275.1007657		175.4684714		-1.714135503e-05
5.935935936		2042.900564		1071.198728		524.6489412		275.1007657		175.4684714		-1.709728925e-05
5.945945946		2048.152305		1073.952489		524.6489411		275.1007657		175.4684713		-1.705344946e-05
5.955955956		2053.404047		1076.706251		524.648941		275.1007656		175.4684713		-1.700983391e-05
5.965965966		2058.655788		1079.460012		524.648941		275.1007656		175.4684713		-1.696644089e-05
5.975975976		2063.907529		1082.213773		524.6489409		275.1007656		175.4684712		-1.69232687e-05
5.985985986		2069.15927		1084.967535		524.6489409		275.1007655		175.4684712		-1.688031567e-05
5.995995996		2074.411011		1087.721296		524.6489408		275.1007655		175.4684711		-1.683758012e-05
6.006006006		2079.662752		1090.475058		524.6489407		275.1007655		175.4684711		-1.679506041e-05
6.016016016		2084.914493		1093.228819		524.6489407		275.1007654		175.468471		-1.675275491e-05
6.026026026		2090.166235		1095.98258		524.6489406		275.1007654		175.468471		-1.6710662e-05
6.036036036		2095.417976		1098.736342		524.6489405		275.1007654		175.468471		-1.666878008e-05
6.046046046		2100.669717		1101.490103		524.6489405		275.1007653		175.4684709		-1.662710758e-05
6.056056056		2105.921458		1104.243865		524.6489404		275.1007653		175.4684709		-1.658564293e-05
6.066066066		2111.173199		1106.997626		524.6489404		275.1007653		175.4684708		-1.654438457e-05
6.076076076		2116.42494		1109.751388		524.6489403		275.1007652		175.4684708		-1.650333097e-05
6.086086086		2121.676681		1112.505149		524.6489402		275.1007652		175.4684707		-1.64624806e-05
6.096096096		2126.928423		1115.25891		524.6489402		275.1007652		175.4684707		-1.642183197e-05
6.106106106		2132.180164		1118.012672		524.6489401		275.1007651		175.4684707		-1.638138358e-05
6.116116116		2137.431905		1120.766433		524.6489401		275.1007651		175.4684706		-1.634113396e-05
6.126126126		2142.683646		1123.520195		524.64894		275.1007651		175.4684706		-1.630108164e-05
6.136136136		2147.935387		1126.273956		524.6489399		275.100765		175.4684705		-1.626122518e-05
6.146146146		2153.187128		1129.027717		524.6489399		275.100765		175.4684705		-1.622156314e-05
6.156156156		2158.438869		1131.781479		524.6489398		275.100765		175.4684705		-1.618209411e-05
6.166166166		2163.690611		1134.53524		524.6489398		275.1007649		175.4684704		-1.614281668e-05
6.176176176		2168.942352		1137.289002		524.6489397		275.1007649		175.4684704		-1.610372946e-05
6.186186186		2174.194093		1140.042763		524.6489396		275.1007649		175.4684704		-1.606483106e-05
6.196196196		2179.445834		1142.796524		524.6489396		275.1007649		175.4684703		-1.602612014e-05
6.206206206		2184.697575		1145.550286		524.6489395		275.1007648		175.4684703		-1.598759532e-05
6.216216216		2189.949316		1148.304047		524.6489395		275.1007648		175.4684702		-1.594925528e-05
6.226226226		2195.201057		1151.057809		524.6489394		275.1007648		175.4684702		-1.591109868e-05
6.236236236		2200.452799		1153.81157		524.6489394		275.1007647		175.4684702		-1.587312422e-05
6.246246246		2205.70454		1156.565332		524.6489393		275.1007647		175.4684701		-1.583533059e-05
6.256256256		2210.956281		1159.319093		524.6489392		275.1007647		175.4684701		-1.57977165e-05
6.266266266		2216.208022		1162.072854		524.6489392		275.1007646		175.46847		-1.576028069e-05
6.276276276		2221.459763		1164.826616		524.6489391		275.1007646		175.46847		-1.572302188e-05
6.286286286		2226.711504		1167.580377		524.6489391		275.1007646		175.46847		-1.568593882e-05
6.296296296		2231.963245		1170.334139		524.648939		275.1007646		175.4684699		-1.564903026e-05
6.306306306		2237.214986		1173.0879		524.648939		275.1007645		175.4684699		-1.5612295e-05
6.316316316		2242.466728		1175.841661		524.6489389		275.1007645		175.4684699		-1.557573179e-05
6.326326326		2247.718469		1178.595423		524.6489389		275.1007645		175.4684698		-1.553933945e-05
6.336336336		2252.97021		1181.349184		524.6489388		275.1007644		175.4684698		-1.550311676e-05
6.346346346		2258.221951		1184.102946		524.6489387		275.1007644		175.4684698		-1.546706256e-05
6.356356356		2263.473692		1186.856707		524.6489387		275.1007644		175.4684697		-1.543117566e-05
6.366366366		2268.725433		1189.610468		524.6489386		275.1007644		175.4684697		-1.539545491e-05
6.376376376		2273.977174		1192.36423		524.6489386		275.1007643		175.4684696		-1.535989916e-05
6.386386386		2279.228915		1195.117991		524.6489385		275.1007643		175.4684696		-1.532450725e-05
6.396396396		2284.480657		1197.871753		524.6489385		275.1007643		175.4684696		-1.528927807e-05
6.406406406		2289.732398		1200.625514		524.6489384		275.1007643		175.4684695		-1.525421049e-05
6.416416416		2294.984139		1203.379275		524.6489384		275.1007642		175.4684695		-1.521930341e-05
6.426426426		2300.23588		1206.133037		524.6489383		275.1007642		175.4684695		-1.518455572e-05
6.436436436		2305.487621		1208.886798		524.6489383		275.1007642		175.4684694		-1.514996634e-05
6.446446446		2310.739362		1211.64056		524.6489382		275.1007641		175.4684694		-1.511553419e-05
6.456456456		2315.991103		1214.394321		524.6489382		275.1007641		175.4684694		-1.508125819e-05
6.466466466		2321.242844		1217.148082		524.6489381		275.1007641		175.4684693		-1.504713729e-05
6.476476476		2326.494586		1219.901844		524.6489381		275.1007641		175.4684693		-1.501317043e-05
6.486486486		2331.746327		1222.655605		524.648938		275.100764		175.4684693		-1.497935658e-05
6.496496496		2336.998068		1225.409367		524.648938		275.100764		175.4684692		-1.494569471e-05
6.506506507		2342.249809		1228.163128		524.6489379		275.100764		175.4684692		-1.491218378e-05
6.516516517		2347.50155		1230.916889		524.6489379		275.100764		175.4684692		-1.48788228e-05
6.526526527		2352.753291		1233.670651		524.6489378		275.1007639		175.4684691		-1.484561075e-05
6.536536537		2358.005032		1236.424412		524.6489378		275.1007639		175.4684691		-1.481254664e-05
6.546546547		2363.256773		1239.178174		524.6489377		275.1007639		175.4684691		-1.477962948e-05
6.556556557		2368.508515		1241.931935		524.6489377		275.1007639		175.468469		-1.47468583e-05
6.566566567		2373.760256		1244.685696		524.6489376		275.1007638		175.468469		-1.471423213e-05
6.576576577		2379.011997		1247.439458		524.6489376		275.1007638		175.468469		-1.468175e-05
6.586586587		2384.263738		1250.193219		524.6489375		275.1007638		175.4684689		-1.464941097e-05
6.596596597		2389.515479		1252.946981		524.6489375		275.1007638		175.4684689		-1.461721409e-05
6.606606607		2394.76722		1255.700742		524.6489374		275.1007637		175.4684689		-1.458515842e-05
6.616616617		2400.018961		1258.454503		524.6489374		275.1007637		175.4684688		-1.455324304e-05
6.626626627		2405.270702		1261.208265		524.6489373		275.1007637		175.4684688		-1.452146704e-05
6.636636637		2410.522443		1263.962026		524.6489373		275.1007637		175.4684688		-1.448982949e-05
6.646646647		2415.774185		1266.715788		524.6489372		275.1007636		175.4684687		-1.44583295e-05
6.656656657		2421.025926		1269.469549		524.6489372		275.1007636		175.4684687		-1.442696617e-05
6.666666667		2426.277667		1272.22331		524.6489371		275.1007636		175.4684687		-1.439573861e-05
6.676676677		2431.529408		1274.977072		524.6489371		275.1007636		175.4684687		-1.436464595e-05
6.686686687		2436.781149		1277.730833		524.6489371		275.1007635		175.4684686		-1.433368731e-05
6.696696697		2442.03289		1280.484595		524.648937		275.1007635		175.4684686		-1.430286182e-05
6.706706707		2447.284631		1283.238356		524.648937		275.1007635		175.4684686		-1.427216864e-05
6.716716717		2452.536372		1285.992117		524.6489369		275.1007635		175.4684685		-1.42416069e-05
6.726726727		2457.788113		1288.745879		524.6489369		275.1007634		175.4684685		-1.421117578e-05
6.736736737		2463.039855		1291.49964		524.6489368		275.1007634		175.4684685		-1.418087442e-05
6.746746747		2468.291596		1294.253402		524.6489368		275.1007634		175.4684684		-1.415070201e-05
6.756756757		2473.543337		1297.007163		524.6489367		275.1007634		175.4684684		-1.412065772e-05
6.766766767		2478.795078		1299.760924		524.6489367		275.1007633		175.4684684		-1.409074073e-05
6.776776777		2484.046819		1302.514686		524.6489366		275.1007633		175.4684684		-1.406095025e-05
6.786786787		2489.29856		1305.268447		524.6489366		275.1007633		175.4684683		-1.403128547e-05
6.796796797		2494.550301		1308.022209		524.6489366		275.1007633		175.4684683		-1.400174559e-05
6.806806807		2499.802042		1310.77597		524.6489365		275.1007632		175.4684683		-1.397232983e-05
6.816816817		2505.053783		1313.529731		524.6489365		275.1007632		175.4684682		-1.394303741e-05
6.826826827		2510.305525		1316.283493		524.6489364		275.1007632		175.4684682		-1.391386756e-05
6.836836837		2515.557266		1319.037254		524.6489364		275.1007632		175.4684682		-1.38848195e-05
6.846846847		2520.809007		1321.791016		524.6489363		275.1007632		175.4684681		-1.385589247e-05
6.856856857		2526.060748		1324.544777		524.6489363		275.1007631		175.4684681		-1.382708572e-05
6.866866867		2531.312489		1327.298538		524.6489363		275.1007631		175.4684681		-1.379839851e-05
6.876876877		2536.56423		1330.0523		524.6489362		275.1007631		175.4684681		-1.376983008e-05
6.886886887		2541.815971		1332.806061		524.6489362		275.1007631		175.468468		-1.374137971e-05
6.896896897		2547.067712		1335.559823		524.6489361		275.100763		175.468468		-1.371304666e-05
6.906906907		2552.319453		1338.313584		524.6489361		275.100763		175.468468		-1.368483021e-05
6.916916917		2557.571194		1341.067345		524.648936		275.100763		175.4684679		-1.365672964e-05
6.926926927		2562.822936		1343.821107		524.648936		275.100763		175.4684679		-1.362874423e-05
6.936936937		2568.074677		1346.574868		524.648936		275.100763		175.4684679		-1.360087329e-05
6.946946947		2573.326418		1349.328629		524.6489359		275.1007629		175.4684679		-1.35731161e-05
6.956956957		2578.578159		1352.082391		524.6489359		275.1007629		175.4684678		-1.354547199e-05
6.966966967		2583.8299		1354.836152		524.6489358		275.1007629		175.4684678		-1.351794024e-05
6.976976977		2589.081641		1357.589914		524.6489358		275.1007629		175.4684678		-1.349052019e-05
6.986986987		2594.333382		1360.343675		524.6489358		275.1007629		175.4684678		-1.346321116e-05
6.996996997		2599.585123		1363.097436		524.6489357		275.1007628		175.4684677		-1.343601246e-05
7.007007007		2604.836864		1365.851198		524.6489357		275.1007628		175.4684677		-1.340892344e-05
7.017017017		2610.088605		1368.604959		524.6489356		275.1007628		175.4684677		-1.338194342e-05
7.027027027		2615.340347		1371.358721		524.6489356		275.1007628		175.4684676		-1.335507177e-05
7.037037037		2620.592088		1374.112482		524.6489356		275.1007627		175.4684676		-1.332830781e-05
7.047047047		2625.843829		1376.866243		524.6489355		275.1007627		175.4684676		-1.330165091e-05
7.057057057		2631.09557		1379.620005		524.6489355		275.1007627		175.4684676		-1.327510043e-05
7.067067067		2636.347311		1382.373766		524.6489354		275.1007627		175.4684675		-1.324865573e-05
7.077077077		2641.599052		1385.127528		524.6489354		275.1007627		175.4684675		-1.322231618e-05
7.087087087		2646.850793		1387.881289		524.6489354		275.1007626		175.4684675		-1.319608115e-05
7.097097097		2652.102534		1390.63505		524.6489353		275.1007626		175.4684675		-1.316995002e-05
7.107107107		2657.354275		1393.388812		524.6489353		275.1007626		175.4684674		-1.314392218e-05
7.117117117		2662.606016		1396.142573		524.6489352		275.1007626		175.4684674		-1.311799702e-05
7.127127127		2667.857758		1398.896334		524.6489352		275.1007626		175.4684674		-1.309217392e-05
7.137137137		2673.109499		1401.650096		524.6489352		275.1007625		175.4684674		-1.306645229e-05
7.147147147		2678.36124		1404.403857		524.6489351		275.1007625		175.4684673		-1.304083153e-05
7.157157157		2683.612981		1407.157619		524.6489351		275.1007625		175.4684673		-1.301531105e-05
7.167167167		2688.864722		1409.91138		524.648935		275.1007625		175.4684673		-1.298989025e-05
7.177177177		2694.116463		1412.665141		524.648935		275.1007625		175.4684673		-1.296456857e-05
7.187187187		2699.368204		1415.418903		524.648935		275.1007624		175.4684672		-1.293934541e-05
7.197197197		2704.619945		1418.172664		524.6489349		275.1007624		175.4684672		-1.291422021e-05
7.207207207		2709.871686		1420.926426		524.6489349		275.1007624		175.4684672		-1.28891924e-05
7.217217217		2715.123427		1423.680187		524.6489349		275.1007624		175.4684672		-1.28642614e-05
7.227227227		2720.375168		1426.433948		524.6489348		275.1007624		175.4684671		-1.283942667e-05
7.237237237		2725.62691		1429.18771		524.6489348		275.1007623		175.4684671		-1.281468764e-05
7.247247247		2730.878651		1431.941471		524.6489347		275.1007623		175.4684671		-1.279004376e-05
7.257257257		2736.130392		1434.695232		524.6489347		275.1007623		175.4684671		-1.276549448e-05
7.267267267		2741.382133		1437.448994		524.6489347		275.1007623		175.468467		-1.274103926e-05
7.277277277		2746.633874		1440.202755		524.6489346		275.1007623		175.468467		-1.271667757e-05
7.287287287		2751.885615		1442.956517		524.6489346		275.1007622		175.468467		-1.269240885e-05
7.297297297		2757.137356		1445.710278		524.6489346		275.1007622		175.468467		-1.266823259e-05
7.307307307		2762.389097		1448.464039		524.6489345		275.1007622		175.4684669		-1.264414826e-05
7.317317317		2767.640838		1451.217801		524.6489345		275.1007622		175.4684669		-1.262015533e-05
7.327327327		2772.892579		1453.971562		524.6489345		275.1007622		175.4684669		-1.259625328e-05
7.337337337		2778.14432		1456.725324		524.6489344		275.1007622		175.4684669		-1.25724416e-05
7.347347347		2783.396061		1459.479085		524.6489344		275.1007621		175.4684668		-1.254871977e-05
7.357357357		2788.647803		1462.232846		524.6489344		275.1007621		175.4684668		-1.25250873e-05
7.367367367		2793.899544		1464.986608		524.6489343		275.1007621		175.4684668		-1.250154367e-05
7.377377377		2799.151285		1467.740369		524.6489343		275.1007621		175.4684668		-1.247808838e-05
7.387387387		2804.403026		1470.49413		524.6489342		275.1007621		175.4684667		-1.245472094e-05
7.397397397		2809.654767		1473.247892		524.6489342		275.100762		175.4684667		-1.243144086e-05
7.407407407		2814.906508		1476.001653		524.6489342		275.100762		175.4684667		-1.240824764e-05
7.417417417		2820.158249		1478.755415		524.6489341		275.100762		175.4684667		-1.238514081e-05
7.427427427		2825.40999		1481.509176		524.6489341		275.100762		175.4684667		-1.236211988e-05
7.437437437		2830.661731		1484.262937		524.6489341		275.100762		175.4684666		-1.233918436e-05
7.447447447		2835.913472		1487.016699		524.648934		275.100762		175.4684666		-1.23163338e-05
7.457457457		2841.165213		1489.77046		524.648934		275.1007619		175.4684666		-1.229356771e-05
7.467467467		2846.416954		1492.524222		524.648934		275.1007619		175.4684666		-1.227088563e-05
7.477477477		2851.668696		1495.277983		524.6489339		275.1007619		175.4684665		-1.224828709e-05
7.487487487		2856.920437		1498.031744		524.6489339		275.1007619		175.4684665		-1.222577164e-05
7.497497497		2862.172178		1500.785506		524.6489339		275.1007619		175.4684665		-1.220333882e-05
7.507507508		2867.423919		1503.539267		524.6489338		275.1007618		175.4684665		-1.218098816e-05
7.517517518		2872.67566		1506.293028		524.6489338		275.1007618		175.4684665		-1.215871923e-05
7.527527528		2877.927401		1509.04679		524.6489338		275.1007618		175.4684664		-1.213653157e-05
7.537537538		2883.179142		1511.800551		524.6489337		275.1007618		175.4684664		-1.211442475e-05
7.547547548		2888.430883		1514.554313		524.6489337		275.1007618		175.4684664		-1.209239831e-05
7.557557558		2893.682624		1517.308074		524.6489337		275.1007618		175.4684664		-1.207045182e-05
7.567567568		2898.934365		1520.061835		524.6489336		275.1007617		175.4684663		-1.204858485e-05
7.577577578		2904.186106		1522.815597		524.6489336		275.1007617		175.4684663		-1.202679697e-05
7.587587588		2909.437847		1525.569358		524.6489336		275.1007617		175.4684663		-1.200508774e-05
7.597597598		2914.689589		1528.323119		524.6489335		275.1007617		175.4684663		-1.198345675e-05
7.607607608		2919.94133		1531.076881		524.6489335		275.1007617		175.4684663		-1.196190356e-05
7.617617618		2925.193071		1533.830642		524.6489335		275.1007617		175.4684662		-1.194042777e-05
7.627627628		2930.444812		1536.584404		524.6489334		275.1007616		175.4684662		-1.191902895e-05
7.637637638		2935.696553		1539.338165		524.6489334		275.1007616		175.4684662		-1.189770669e-05
7.647647648		2940.948294		1542.091926		524.6489334		275.1007616		175.4684662		-1.187646059e-05
7.657657658		2946.200035		1544.845688		524.6489334		275.1007616		175.4684661		-1.185529023e-05
7.667667668		2951.451776		1547.599449		524.6489333		275.1007616		175.4684661		-1.183419521e-05
7.677677678		2956.703517		1550.35321		524.6489333		275.1007616		175.4684661		-1.181317512e-05
7.687687688		2961.955258		1553.106972		524.6489333		275.1007615		175.4684661		-1.179222958e-05
7.697697698		2967.206999		1555.860733		524.6489332		275.1007615		175.4684661		-1.177135818e-05
7.707707708		2972.45874		1558.614495		524.6489332		275.1007615		175.468466		-1.175056054e-05
7.717717718		2977.710481		1561.368256		524.6489332		275.1007615		175.468466		-1.172983625e-05
7.727727728		2982.962222		1564.122017		524.6489331		275.1007615		175.468466		-1.170918494e-05
7.737737738		2988.213964		1566.875779		524.6489331		275.1007615		175.468466		-1.168860622e-05
7.747747748		2993.465705		1569.62954		524.6489331		275.1007614		175.468466		-1.16680997e-05
7.757757758		2998.717446		1572.383301		524.648933		275.1007614		175.4684659		-1.164766501e-05
7.767767768		3003.969187		1575.137063		524.648933		275.1007614		175.4684659		-1.162730177e-05
7.777777778		3009.220928		1577.890824		524.648933		275.1007614		175.4684659		-1.160700961e-05
7.787787788		3014.472669		1580.644586		524.6489329		275.1007614		175.4684659		-1.158678815e-05
7.797797798		3019.72441		1583.398347		524.6489329		275.1007614		175.4684659		-1.156663703e-05
7.807807808		3024.976151		1586.152108		524.6489329		275.1007613		175.4684658		-1.154655588e-05
7.817817818		3030.227892		1588.90587		524.6489329		275.1007613		175.4684658		-1.152654433e-05
7.827827828		3035.479633		1591.659631		524.6489328		275.1007613		175.4684658		-1.150660203e-05
7.837837838		3040.731374		1594.413392		524.6489328		275.1007613		175.4684658		-1.148672862e-05
7.847847848		3045.983115		1597.167154		524.6489328		275.1007613		175.4684658		-1.146692373e-05
7.857857858		3051.234856		1599.920915		524.6489327		275.1007613		175.4684657		-1.144718703e-05
7.867867868		3056.486597		1602.674677		524.6489327		275.1007613		175.4684657		-1.142751814e-05
7.877877878		3061.738339		1605.428438		524.6489327		275.1007612		175.4684657		-1.140791673e-05
7.887887888		3066.99008		1608.182199		524.6489327		275.1007612		175.4684657		-1.138838245e-05
7.897897898		3072.241821		1610.935961		524.6489326		275.1007612		175.4684657		-1.136891495e-05
7.907907908		3077.493562		1613.689722		524.6489326		275.1007612		175.4684656		-1.13495139e-05
7.917917918		3082.745303		1616.443483		524.6489326		275.1007612		175.4684656		-1.133017895e-05
7.927927928		3087.997044		1619.197245		524.6489325		275.1007612		175.4684656		-1.131090977e-05
7.937937938		3093.248785		1621.951006		524.6489325		275.1007612		175.4684656		-1.129170601e-05
7.947947948		3098.500526		1624.704768		524.6489325		275.1007611		175.4684656		-1.127256736e-05
7.957957958		3103.752267		1627.458529		524.6489325		275.1007611		175.4684655		-1.125349347e-05
7.967967968		3109.004008		1630.21229		524.6489324		275.1007611		175.4684655		-1.123448402e-05
7.977977978		3114.255749		1632.966052		524.6489324		275.1007611		175.4684655		-1.121553868e-05
7.987987988		3119.50749		1635.719813		524.6489324		275.1007611		175.4684655		-1.119665714e-05
7.997997998		3124.759231		1638.473574		524.6489323		275.1007611		175.4684655		-1.117783906e-05
8.008008008		3130.010972		1641.227336		524.6489323		275.100761		175.4684655		-1.115908413e-05
8.018018018		3135.262713		1643.981097		524.6489323		275.100761		175.4684654		-1.114039203e-05
8.028028028		3140.514455		1646.734859		524.6489323		275.100761		175.4684654		-1.112176245e-05
8.038038038		3145.766196		1649.48862		524.6489322		275.100761		175.4684654		-1.110319507e-05
8.048048048		3151.017937		1652.242381		524.6489322		275.100761		175.4684654		-1.108468958e-05
8.058058058		3156.269678		1654.996143		524.6489322		275.100761		175.4684654		-1.106624567e-05
8.068068068		3161.521419		1657.749904		524.6489321		275.100761		175.4684653		-1.104786304e-05
8.078078078		3166.77316		1660.503665		524.6489321		275.1007609		175.4684653		-1.102954139e-05
8.088088088		3172.024901		1663.257427		524.6489321		275.1007609		175.4684653		-1.10112804e-05
8.098098098		3177.276642		1666.011188		524.6489321		275.1007609		175.4684653		-1.099307977e-05
8.108108108		3182.528383		1668.76495		524.648932		275.1007609		175.4684653		-1.097493922e-05
8.118118118		3187.780124		1671.518711		524.648932		275.1007609		175.4684652		-1.095685844e-05
8.128128128		3193.031865		1674.272472		524.648932		275.1007609		175.4684652		-1.093883713e-05
8.138138138		3198.283606		1677.026234		524.648932		275.1007609		175.4684652		-1.092087501e-05
8.148148148		3203.535347		1679.779995		524.6489319		275.1007608		175.4684652		-1.090297178e-05
8.158158158		3208.787088		1682.533756		524.6489319		275.1007608		175.4684652		-1.088512716e-05
8.168168168		3214.038829		1685.287518		524.6489319		275.1007608		175.4684652		-1.086734085e-05
8.178178178		3219.29057		1688.041279		524.6489318		275.1007608		175.4684651		-1.084961257e-05
8.188188188		3224.542311		1690.79504		524.6489318		275.1007608		175.4684651		-1.083194204e-05
8.198198198		3229.794053		1693.548802		524.6489318		275.1007608		175.4684651		-1.081432898e-05
8.208208208		3235.045794		1696.302563		524.6489318		275.1007608		175.4684651		-1.07967731e-05
8.218218218		3240.297535		1699.056325		524.6489317		275.1007607		175.4684651		-1.077927412e-05
8.228228228		3245.549276		1701.810086		524.6489317		275.1007607		175.4684651		-1.076183178e-05
8.238238238		3250.801017		1704.563847		524.6489317		275.1007607		175.468465		-1.07444458e-05
8.248248248		3256.052758		1707.317609		524.6489317		275.1007607		175.468465		-1.07271159e-05
8.258258258		3261.304499		1710.07137		524.6489316		275.1007607		175.468465		-1.070984182e-05
8.268268268		3266.55624		1712.825131		524.6489316		275.1007607		175.468465		-1.069262328e-05
8.278278278		3271.807981		1715.578893		524.6489316		275.1007607		175.468465		-1.067546001e-05
8.288288288		3277.059722		1718.332654		524.6489316		275.1007607		175.468465		-1.065835176e-05
8.298298298		3282.311463		1721.086416		524.6489315		275.1007606		175.4684649		-1.064129825e-05
8.308308308		3287.563204		1723.840177		524.6489315		275.1007606		175.4684649		-1.062429923e-05
8.318318318		3292.814945		1726.593938		524.6489315		275.1007606		175.4684649		-1.060735443e-05
8.328328328		3298.066686		1729.3477		524.6489315		275.1007606		175.4684649		-1.05904636e-05
8.338338338		3303.318427		1732.101461		524.6489314		275.1007606		175.4684649		-1.057362647e-05
8.348348348		3308.570168		1734.855222		524.6489314		275.1007606		175.4684648		-1.055684279e-05
8.358358358		3313.821909		1737.608984		524.6489314		275.1007606		175.4684648		-1.054011232e-05
8.368368368		3319.073651		1740.362745		524.6489314		275.1007605		175.4684648		-1.052343478e-05
8.378378378		3324.325392		1743.116506		524.6489313		275.1007605		175.4684648		-1.050680995e-05
8.388388388		3329.577133		1745.870268		524.6489313		275.1007605		175.4684648		-1.049023755e-05
8.398398398		3334.828874		1748.624029		524.6489313		275.1007605		175.4684648		-1.047371736e-05
8.408408408		3340.080615		1751.377791		524.6489313		275.1007605		175.4684648		-1.045724911e-05
8.418418418		3345.332356		1754.131552		524.6489312		275.1007605		175.4684647		-1.044083257e-05
8.428428428		3350.584097		1756.885313		524.6489312		275.1007605		175.4684647		-1.042446749e-05
8.438438438		3355.835838		1759.639075		524.6489312		275.1007605		175.4684647		-1.040815364e-05
8.448448448		3361.087579		1762.392836		524.6489312		275.1007604		175.4684647		-1.039189077e-05
8.458458458		3366.33932		1765.146597		524.6489311		275.1007604		175.4684647		-1.037567863e-05
8.468468468		3371.591061		1767.900359		524.6489311		275.1007604		175.4684647		-1.035951701e-05
8.478478478		3376.842802		1770.65412		524.6489311		275.1007604		175.4684646		-1.034340565e-05
8.488488488		3382.094543		1773.407881		524.6489311		275.1007604		175.4684646		-1.032734433e-05
8.498498498		3387.346284		1776.161643		524.648931		275.1007604		175.4684646		-1.031133281e-05
8.508508509		3392.598025		1778.915404		524.648931		275.1007604		175.4684646		-1.029537087e-05
8.518518519		3397.849766		1781.669166		524.648931		275.1007604		175.4684646		-1.027945826e-05
8.528528529		3403.101507		1784.422927		524.648931		275.1007603		175.4684646		-1.026359477e-05
8.538538539		3408.353248		1787.176688		524.6489309		275.1007603		175.4684645		-1.024778017e-05
8.548548549		3413.604989		1789.93045		524.6489309		275.1007603		175.4684645		-1.023201422e-05
8.558558559		3418.856731		1792.684211		524.6489309		275.1007603		175.4684645		-1.021629672e-05
8.568568569		3424.108472		1795.437972		524.6489309		275.1007603		175.4684645		-1.020062742e-05
8.578578579		3429.360213		1798.191734		524.6489309		275.1007603		175.4684645		-1.018500612e-05
8.588588589		3434.611954		1800.945495		524.6489308		275.1007603		175.4684645		-1.016943259e-05
8.598598599		3439.863695		1803.699257		524.6489308		275.1007603		175.4684644		-1.015390662e-05
8.608608609		3445.115436		1806.453018		524.6489308		275.1007602		175.4684644		-1.013842798e-05
8.618618619		3450.367177		1809.206779		524.6489308		275.1007602		175.4684644		-1.012299645e-05
8.628628629		3455.618918		1811.960541		524.6489307		275.1007602		175.4684644		-1.010761184e-05
8.638638639		3460.870659		1814.714302		524.6489307		275.1007602		175.4684644		-1.009227391e-05
8.648648649		3466.1224		1817.468063		524.6489307		275.1007602		175.4684644		-1.007698247e-05
8.658658659		3471.374141		1820.221825		524.6489307		275.1007602		175.4684644		-1.006173729e-05
8.668668669		3476.625882		1822.975586		524.6489306		275.1007602		175.4684643		-1.004653817e-05
8.678678679		3481.877623		1825.729347		524.6489306		275.1007602		175.4684643		-1.00313849e-05
8.688688689		3487.129364		1828.483109		524.6489306		275.1007602		175.4684643		-1.001627727e-05
8.698698699		3492.381105		1831.23687		524.6489306		275.1007601		175.4684643		-1.000121508e-05
8.708708709		3497.632846		1833.990632		524.6489306		275.1007601		175.4684643		-9.98619812e-06
8.718718719		3502.884587		1836.744393		524.6489305		275.1007601		175.4684643		-9.97122619e-06
8.728728729		3508.136328		1839.498154		524.6489305		275.1007601		175.4684642		-9.956299087e-06
8.738738739		3513.388069		1842.251916		524.6489305		275.1007601		175.4684642		-9.941416609e-06
8.748748749		3518.63981		1845.005677		524.6489305		275.1007601		175.4684642		-9.926578557e-06
8.758758759		3523.891551		1847.759438		524.6489304		275.1007601		175.4684642		-9.911784732e-06
8.768768769		3529.143293		1850.5132		524.6489304		275.1007601		175.4684642		-9.897034937e-06
8.778778779		3534.395034		1853.266961		524.6489304		275.10076		175.4684642		-9.882328974e-06
8.788788789		3539.646775		1856.020722		524.6489304		275.10076		175.4684642		-9.86766665e-06
8.798798799		3544.898516		1858.774484		524.6489304		275.10076		175.4684641		-9.853047771e-06
8.808808809		3550.150257		1861.528245		524.6489303		275.10076		175.4684641		-9.838472142e-06
8.818818819		3555.401998		1864.282006		524.6489303		275.10076		175.4684641		-9.823939574e-06
8.828828829		3560.653739		1867.035768		524.6489303		275.10076		175.4684641		-9.809449875e-06
8.838838839		3565.90548		1869.789529		524.6489303		275.10076		175.4684641		-9.795002855e-06
8.848848849		3571.157221		1872.543291		524.6489303		275.10076		175.4684641		-9.780598328e-06
8.858858859		3576.408962		1875.297052		524.6489302		275.10076		175.4684641		-9.766236104e-06
8.868868869		3581.660703		1878.050813		524.6489302		275.1007599		175.468464		-9.751915999e-06
8.878878879		3586.912444		1880.804575		524.6489302		275.1007599		175.468464		-9.737637827e-06
8.888888889		3592.164185		1883.558336		524.6489302		275.1007599		175.468464		-9.723401405e-06
8.898898899		3597.415926		1886.312097		524.6489301		275.1007599		175.468464		-9.709206549e-06
8.908908909		3602.667667		1889.065859		524.6489301		275.1007599		175.468464		-9.695053078e-06
8.918918919		3607.919408		1891.81962		524.6489301		275.1007599		175.468464		-9.680940811e-06
8.928928929		3613.171149		1894.573381		524.6489301		275.1007599		175.468464		-9.666869568e-06
8.938938939		3618.42289		1897.327143		524.6489301		275.1007599		175.4684639		-9.652839171e-06
8.948948949		3623.674631		1900.080904		524.64893		275.1007599		175.4684639		-9.638849442e-06
8.958958959		3628.926372		1902.834666		524.64893		275.1007598		175.4684639		-9.624900204e-06
8.968968969		3634.178113		1905.588427		524.64893		275.1007598		175.4684639		-9.610991283e-06
8.978978979		3639.429854		1908.342188		524.64893		275.1007598		175.4684639		-9.597122503e-06
8.988988989		3644.681595		1911.09595		524.64893		275.1007598		175.4684639		-9.583293691e-06
8.998998999		3649.933337		1913.849711		524.6489299		275.1007598		175.4684639		-9.569504674e-06
9.009009009		3655.185078		1916.603472		524.6489299		275.1007598		175.4684638		-9.555755282e-06
9.019019019		3660.436819		1919.357234		524.6489299		275.1007598		175.4684638		-9.542045343e-06
9.029029029		3665.68856		1922.110995		524.6489299		275.1007598		175.4684638		-9.528374687e-06
9.039039039		3670.940301		1924.864756		524.6489299		275.1007598		175.4684638		-9.514743147e-06
9.049049049		3676.192042		1927.618518		524.6489298		275.1007597		175.4684638		-9.501150554e-06
9.059059059		3681.443783		1930.372279		524.6489298		275.1007597		175.4684638		-9.487596742e-06
9.069069069		3686.695524		1933.12604		524.6489298		275.1007597		175.4684638		-9.474081546e-06
9.079079079		3691.947265		1935.879802		524.6489298		275.1007597		175.4684638		-9.460604799e-06
9.089089089		3697.199006		1938.633563		524.6489298		275.1007597		175.4684637		-9.44716634e-06
9.099099099		3702.450747		1941.387325		524.6489297		275.1007597		175.4684637		-9.433766003e-06
9.109109109		3707.702488		1944.141086		524.6489297		275.1007597		175.4684637		-9.420403629e-06
9.119119119		3712.954229		1946.894847		524.6489297		275.1007597		175.4684637		-9.407079054e-06
9.129129129		3718.20597		1949.648609		524.6489297		275.1007597		175.4684637		-9.393792121e-06
9.139139139		3723.457711		1952.40237		524.6489297		275.1007597		175.4684637		-9.380542668e-06
9.149149149		3728.709452		1955.156131		524.6489296		275.1007596		175.4684637		-9.367330538e-06
9.159159159		3733.961193		1957.909893		524.6489296		275.1007596		175.4684636		-9.354155573e-06
9.169169169		3739.212934		1960.663654		524.6489296		275.1007596		175.4684636		-9.341017616e-06
9.179179179		3744.464675		1963.417415		524.6489296		275.1007596		175.4684636		-9.327916513e-06
9.189189189		3749.716416		1966.171177		524.6489296		275.1007596		175.4684636		-9.314852107e-06
9.199199199		3754.968157		1968.924938		524.6489295		275.1007596		175.4684636		-9.301824246e-06
9.209209209		3760.219898		1971.678699		524.6489295		275.1007596		175.4684636		-9.288832776e-06
9.219219219		3765.471639		1974.432461		524.6489295		275.1007596		175.4684636		-9.275877544e-06
9.229229229		3770.72338		1977.186222		524.6489295		275.1007596		175.4684636		-9.2629584e-06
9.239239239		3775.975121		1979.939984		524.6489295		275.1007596		175.4684635		-9.250075192e-06
9.249249249		3781.226862		1982.693745		524.6489294		275.1007595		175.4684635		-9.237227771e-06
9.259259259		3786.478603		1985.447506		524.6489294		275.1007595		175.4684635		-9.224415988e-06
9.269269269		3791.730345		1988.201268		524.6489294		275.1007595		175.4684635		-9.211639695e-06
9.279279279		3796.982086		1990.955029		524.6489294		275.1007595		175.4684635		-9.198898745e-06
9.289289289		3802.233827		1993.70879		524.6489294		275.1007595		175.4684635		-9.186192991e-06
9.299299299		3807.485568		1996.462552		524.6489293		275.1007595		175.4684635		-9.173522288e-06
9.309309309		3812.737309		1999.216313		524.6489293		275.1007595		175.4684635		-9.160886491e-06
9.319319319		3817.98905		2001.970074		524.6489293		275.1007595		175.4684634		-9.148285455e-06
9.329329329		3823.240791		2004.723836		524.6489293		275.1007595		175.4684634		-9.135719038e-06
9.339339339		3828.492532		2007.477597		524.6489293		275.1007595		175.4684634		-9.123187096e-06
9.349349349		3833.744273		2010.231358		524.6489293		275.1007594		175.4684634		-9.11068949e-06
9.359359359		3838.996014		2012.98512		524.6489292		275.1007594		175.4684634		-9.098226076e-06
9.369369369		3844.247755		2015.738881		524.6489292		275.1007594		175.4684634		-9.085796716e-06
9.379379379		3849.499496		2018.492643		524.6489292		275.1007594		175.4684634		-9.07340127e-06
9.389389389		3854.751237		2021.246404		524.6489292		275.1007594		175.4684634		-9.061039599e-06
9.399399399		3860.002978		2024.000165		524.6489292		275.1007594		175.4684633		-9.048711565e-06
9.409409409		3865.254719		2026.753927		524.6489291		275.1007594		175.4684633		-9.036417032e-06
9.419419419		3870.50646		2029.507688		524.6489291		275.1007594		175.4684633		-9.024155863e-06
9.429429429		3875.758201		2032.261449		524.6489291		275.1007594		175.4684633		-9.011927922e-06
9.439439439		3881.009942		2035.015211		524.6489291		275.1007594		175.4684633		-8.999733074e-06
9.449449449		3886.261683		2037.768972		524.6489291		275.1007593		175.4684633		-8.987571186e-06
9.459459459		3891.513424		2040.522733		524.648929		275.1007593		175.4684633		-8.975442124e-06
9.469469469		3896.765165		2043.276495		524.648929		275.1007593		175.4684633		-8.963345755e-06
9.479479479		3902.016906		2046.030256		524.648929		275.1007593		175.4684632		-8.951281946e-06
9.489489489		3907.268647		2048.784017		524.648929		275.1007593		175.4684632		-8.939250568e-06
9.499499499		3912.520388		2051.537779		524.648929		275.1007593		175.4684632		-8.927251489e-06
9.50950951		3917.772129		2054.29154		524.648929		275.1007593		175.4684632		-8.915284579e-06
9.51951952		3923.02387		2057.045302		524.6489289		275.1007593		175.4684632		-8.90334971e-06
9.52952953		3928.275611		2059.799063		524.6489289		275.1007593		175.4684632		-8.891446752e-06
9.53953954		3933.527352		2062.552824		524.6489289		275.1007593		175.4684632		-8.879575578e-06
9.54954955		3938.779093		2065.306586		524.6489289		275.1007593		175.4684632		-8.86773606e-06
9.55955956		3944.030834		2068.060347		524.6489289		275.1007592		175.4684632		-8.855928073e-06
9.56956957		3949.282575		2070.814108		524.6489289		275.1007592		175.4684631		-8.844151491e-06
9.57957958		3954.534317		2073.56787		524.6489288		275.1007592		175.4684631		-8.832406187e-06
9.58958959		3959.786058		2076.321631		524.6489288		275.1007592		175.4684631		-8.820692039e-06
9.5995996		3965.037799		2079.075392		524.6489288		275.1007592		175.4684631		-8.809008921e-06
9.60960961		3970.28954		2081.829154		524.6489288		275.1007592		175.4684631		-8.797356712e-06
9.61961962		3975.541281		2084.582915		524.6489288		275.1007592		175.4684631		-8.785735288e-06
9.62962963		3980.793022		2087.336676		524.6489287		275.1007592		175.4684631		-8.774144527e-06
9.63963964		3986.044763		2090.090438		524.6489287		275.1007592		175.4684631		-8.762584309e-06
9.64964965		3991.296504		2092.844199		524.6489287		275.1007592		175.468463		-8.751054513e-06
9.65965966		3996.548245		2095.59796		524.6489287		275.1007592		175.468463		-8.739555018e-06
9.66966967		4001.799986		2098.351722		524.6489287		275.1007591		175.468463		-8.728085707e-06
9.67967968		4007.051727		2101.105483		524.6489287		275.1007591		175.468463		-8.716646459e-06
9.68968969		4012.303468		2103.859245		524.6489286		275.1007591		175.468463		-8.705237157e-06
9.6996997		4017.555209		2106.613006		524.6489286		275.1007591		175.468463		-8.693857683e-06
9.70970971		4022.80695		2109.366767		524.6489286		275.1007591		175.468463		-8.682507922e-06
9.71971972		4028.058691		2112.120529		524.6489286		275.1007591		175.468463		-8.671187755e-06
9.72972973		4033.310432		2114.87429		524.6489286		275.1007591		175.468463		-8.659897069e-06
9.73973974		4038.562173		2117.628051		524.6489286		275.1007591		175.4684629		-8.648635747e-06
9.74974975		4043.813914		2120.381813		524.6489285		275.1007591		175.4684629		-8.637403675e-06
9.75975976		4049.065655		2123.135574		524.6489285		275.1007591		175.4684629		-8.62620074e-06
9.76976977		4054.317396		2125.889335		524.6489285		275.1007591		175.4684629		-8.615026829e-06
9.77977978		4059.569137		2128.643097		524.6489285		275.100759		175.4684629		-8.603881828e-06
9.78978979		4064.820878		2131.396858		524.6489285		275.100759		175.4684629		-8.592765626e-06
9.7997998		4070.072619		2134.150619		524.6489285		275.100759		175.4684629		-8.581678111e-06
9.80980981		4075.32436		2136.904381		524.6489284		275.100759		175.4684629		-8.570619172e-06
9.81981982		4080.576101		2139.658142		524.6489284		275.100759		175.4684629		-8.559588699e-06
9.82982983		4085.827842		2142.411903		524.6489284		275.100759		175.4684628		-8.548586583e-06
9.83983984		4091.079583		2145.165665		524.6489284		275.100759		175.4684628		-8.537612713e-06
9.84984985		4096.331324		2147.919426		524.6489284		275.100759		175.4684628		-8.526666982e-06
9.85985986		4101.583065		2150.673188		524.6489284		275.100759		175.4684628		-8.515749281e-06
9.86986987		4106.834806		2153.426949		524.6489283		275.100759		175.4684628		-8.504859502e-06
9.87987988		4112.086547		2156.18071		524.6489283		275.100759		175.4684628		-8.493997539e-06
9.88988989		4117.338288		2158.934472		524.6489283		275.100759		175.4684628		-8.483163286e-06
9.8998999		4122.590029		2161.688233		524.6489283		275.1007589		175.4684628		-8.472356636e-06
9.90990991		4127.84177		2164.441994		524.6489283		275.1007589		175.4684628		-8.461577484e-06
9.91991992		4133.093511		2167.195756		524.6489283		275.1007589		175.4684627		-8.450825725e-06
9.92992993		4138.345252		2169.949517		524.6489282		275.1007589		175.4684627		-8.440101255e-06
9.93993994		4143.596993		2172.703278		524.6489282		275.1007589		175.4684627		-8.42940397e-06
9.94994995		4148.848734		2175.45704		524.6489282		275.1007589		175.4684627		-8.418733768e-06
9.95995996		4154.100476		2178.210801		524.6489282		275.1007589		175.4684627		-8.408090544e-06
9.96996997		4159.352217		2180.964562		524.6489282		275.1007589		175.4684627		-8.397474197e-06
9.97997998		4164.603958		2183.718324		524.6489282		275.1007589		175.4684627		-8.386884626e-06
9.98998999		4169.855699		2186.472085		524.6489282		275.1007589		175.4684627		-8.376321729e-06
10		4175.10744		2189.225846		524.6489281		275.1007589		175.4684627		-8.365785405e-06
