time		x		y		vx		vy		KineticEnergy		PotentialEnergy
0		0		0		0		0		0		-39.4784176
0.01003344482		5.949556664e-008		3.758187167e-009		1.185945036e-005		7.491320221e-007		7.06038808e-011		-0.00118435026
0.02006688963		2.379822814e-007		1.503274961e-008		2.368342254e-005		1.871328157e-006		2.822031862e-010		-0.001184343465
0.03010033445		5.347481929e-007		4.130992276e-008		3.541294416e-005		3.736654709e-006		6.340196014e-010		-0.001184332166
0.04013377926		9.486099235e-007		9.001578725e-008		4.700126891e-005		6.337632926e-006		1.124642435e-009		-0.001184316402
0.05016722408		1.477917469e-006		1.684865032e-007		5.840222291e-005		9.663835962e-006		1.752104683e-009		-0.001184296229
0.0602006689		2.120560885e-006		2.839389169e-007		6.957039172e-005		1.370193205e-005		2.513891173e-009		-0.00118427172
0.07023411371		2.873978841e-006		4.434416615e-007		8.046130406e-005		1.843573969e-005		3.406948974e-009		-0.001184242961
0.08026755853		3.735168993e-006		6.538868706e-007		9.103161144e-005		2.384629451e-005		4.427700022e-009		-0.001184210056
0.09030100334		4.700700141e-006		9.219626216e-007		0.000101239263		2.991192766e-005		5.572055896e-009		-0.001184173123
0.1003344482		5.76672611e-006		1.254126222e-006		0.0001110436749		3.660835518e-005		6.835434697e-009		-0.001184132293
0.110367893		6.929001308e-006		1.656578445e-006		0.0001204058929		4.390877809e-005		8.212779925e-009		-0.001184087713
0.1204013378		8.182897875e-006		2.135238825e-006		0.0001292887493		5.178399268e-005		9.698581293e-009		-0.001184039543
0.1304347826		9.523424371e-006		2.69572211e-006		0.0001376570102		6.02025105e-005		1.128689737e-008		-0.001183987956
0.1404682274		1.094524591e-005		3.343315959e-006		0.0001454775169		6.91306875e-005		1.297137994e-008		-0.001183933136
0.1505016722		1.244270565e-005		4.082959987e-006		0.0001527193166		7.853286179e-005		1.474530002e-008		-0.00118387528
0.1605351171		1.400984758e-005		4.919226229e-006		0.000159353785		8.837149935e-005		1.660157534e-008		-0.001183814596
0.1705685619		1.564044046e-005		5.856301111e-006		0.0001653547385		9.860734711e-005		1.853279923e-008		-0.0011837513
0.1806020067		1.732800287e-005		6.897968981e-006		0.0001706985368		0.0001091995926		2.053127075e-008		-0.00118368562
0.1906354515		1.906582916e-005		8.047597284e-006		0.0001753641741		0.0001201060298		2.258902596e-008		-0.00118361779
0.2006688963		2.084701639e-005		9.308123424e-006		0.00017933336		0.0001312832296		2.469787018e-008		-0.001183548054
0.2107023411		2.26644919e-005		1.068204336e-005		0.0001825905893		0.0001426867158		2.684941109e-008		-0.00118347666
0.220735786		2.45110416e-005		1.2171402e-005		0.0001851231999		0.0001542711441		2.903509252e-008		-0.001183403864
0.2307692308		2.637933872e-005		1.377778538e-005		0.0001869214193		0.000165990484		3.124622888e-008		-0.001183329926
0.2408026756		2.826197309e-005		1.550231472e-005		0.0001879783995		0.0001777982036		3.347403993e-008		-0.00118325511
0.2508361204		3.015148052e-005		1.734564231e-005		0.0001882902398		0.0001896474555		3.570968589e-008		-0.001183179681
0.2608695652		3.204037255e-005		1.930794928e-005		0.0001878559982		0.0002014912634		3.794430265e-008		-0.00118310391
0.27090301		3.39211661e-005		2.138894526e-005		0.0001866776907		0.0002132827087		4.016903701e-008		-0.001183028067
0.2809364548		3.578641316e-005		2.358786986e-005		0.0001847602784		0.0002249751164		4.237508175e-008		-0.00118295242
0.2909698997		3.762873022e-005		2.590349609e-005		0.0001821116441		0.0002365222397		4.45537104e-008		-0.001182877239
0.3010033445		3.944082743e-005		2.833413554e-005		0.0001787425563		0.0002478784418		4.669631166e-008		-0.001182802791
0.3110367893		4.121553737e-005		3.087764542e-005		0.0001746666226		0.000258998875		4.879442317e-008		-0.00118272934
0.3210702341		4.294584326e-005		3.353143738e-005		0.0001699002318		0.0002698396571		5.083976465e-008		-0.001182657148
0.3311036789		4.462490657e-005		3.629248804e-005		0.0001644624854		0.0002803580414		5.282427024e-008		-0.001182586469
0.3411371237		4.624609381e-005		3.915735125e-005		0.0001583751185		0.0002905125844		5.474011991e-008		-0.001182517555
0.3511705686		4.780300259e-005		4.212217201e-005		0.000151662411		0.0003002633055		5.657976976e-008		-0.001182450648
0.3612040134		4.928948667e-005		4.518270187e-005		0.0001443510888		0.0003095718426		5.833598127e-008		-0.001182385986
0.3712374582		5.069967996e-005		4.8334316e-005		0.0001364702159		0.0003184015994		6.000184918e-008		-0.001182323798
0.381270903		5.202801943e-005		5.157203162e-005		0.0001280510781		0.0003267178869		6.157082811e-008		-0.001182264301
0.3913043478		5.326926681e-005		5.489052778e-005		0.0001191270573		0.0003344880559		6.303675766e-008		-0.001182207708
0.4013377926		5.441852894e-005		5.828416652e-005		0.0001097334996		0.0003416816223		6.439388596e-008		-0.001182154216
0.4113712375		5.547127684e-005		6.174701518e-005		9.990757516e-005		0.0003482703832		6.56368917e-008		-0.001182104014
0.4214046823		5.642336323e-005		6.527286986e-005		8.968813116e-005		0.0003542285246		6.676090427e-008		-0.001182057279
0.4314381271		5.727103866e-005		6.885527989e-005		7.911553953e-005		0.0003595327192		6.776152238e-008		-0.001182014175
0.4414715719		5.801096603e-005		7.248757326e-005		6.823153846e-005		0.0003641622144		6.863483062e-008		-0.001181974854
0.4515050167		5.864023342e-005		7.616288286e-005		5.707906925e-005		0.0003680989113		6.937741431e-008		-0.001181939453
0.4615384615		5.915636541e-005		7.987417348e-005		4.570210875e-005		0.0003713274322		6.998637234e-008		-0.001181908096
0.4715719064		5.955733259e-005		8.361426946e-005		3.414549823e-005		0.0003738351789		7.045932802e-008		-0.001181880894
0.4816053512		5.984155935e-005		8.737588276e-005		2.245476904e-005		0.0003756123792		7.079443803e-008		-0.00118185794
0.491638796		6.000792996e-005		9.115164161e-005		1.067596601e-005		0.0003766521235		7.09903992e-008		-0.001181839316
0.5016722408		6.005579279e-005		9.493411935e-005		-1.144531076e-006		0.0003769503903		7.104645335e-008		-0.001181825085
0.5117056856		5.998496278e-005		9.871586349e-005		-1.296018696e-005		0.0003765060605		7.096239003e-008		-0.001181815297
0.5217391304		5.979572214e-005		0.0001024894249		-2.472449101e-005		0.0003753209211		7.073854712e-008		-0.001181809986
0.5317725753		5.948881915e-005		0.000106247387		-3.639113707e-005		0.0003733996574		7.037580952e-008		-0.001181809168
0.5418060201		5.906546521e-005		0.0001099823946		-4.791420247e-005		0.0003707498352		6.987560555e-008		-0.001181812847
0.5518394649		5.852733014e-005		0.000113687183		-5.924832564e-005		0.0003673818708		6.923990154e-008		-0.001181821007
0.5618729097		5.78765356e-005		0.0001173546061		-7.034888153e-005		0.0003633089914		6.847119419e-008		-0.001181833619
0.5719063545		5.71156469e-005		0.0001209776645		-8.117215437e-005		0.0003585471843		6.7572501e-008		-0.001181850638
0.5819397993		5.624766294e-005		0.0001245495329		-9.1675507e-005		0.0003531151356		6.654734878e-008		-0.001181872002
0.5919732441		5.527600461e-005		0.0001280635869		-0.0001018175462		0.0003470341591		6.539976015e-008		-0.001181897635
0.602006689		5.420450148e-005		0.000131513429		-0.0001115582837		0.0003403281147		6.413423817e-008		-0.001181927445
0.6120401338		5.303737685e-005		0.0001348929136		-0.0001208592916		0.0003330233174		6.275574913e-008		-0.001181961326
0.6220735786		5.177923141e-005		0.0001381961712		-0.0001296838521		0.0003251484365		6.126970363e-008		-0.001181999157
0.6321070234		5.04350253e-005		0.0001414176314		-0.0001379971015		0.0003167343867		5.968193586e-008		-0.001182040804
0.6421404682		4.901005881e-005		0.0001445520452		-0.0001457661667		0.0003078142088		5.799868126e-008		-0.001182086118
0.652173913		4.750995172e-005		0.0001475945052		-0.0001529602946		0.0002984229442		5.622655267e-008		-0.001182134938
0.6622073579		4.594062145e-005		0.0001505404654		-0.0001595509735		0.0002885974996		5.437251496e-008		-0.00118218709
0.6722408027		4.430825994e-005		0.0001533857593		-0.0001655120463		0.0002783765057		5.244385821e-008		-0.001182242388
0.6822742475		4.261930949e-005		0.0001561266161		-0.000170819815		0.0002678001685		5.044816973e-008		-0.001182300636
0.6923076923		4.088043757e-005		0.0001587596758		-0.0001754531357		0.0002569101139		4.839330474e-008		-0.001182361625
0.7023411371		3.909851078e-005		0.000161282003		-0.0001793935042		0.0002457492273		4.628735603e-008		-0.001182425139
0.7123745819		3.728056792e-005		0.0001636910984		-0.0001826251316		0.0002343614869		4.413862262e-008		-0.00118249095
0.7224080268		3.543379242e-005		0.0001659849091		-0.0001851350093		0.0002227917938		4.195557752e-008		-0.001182558825
0.7324414716		3.356548412e-005		0.0001681618367		-0.000186912964		0.0002110857964		3.974683477e-008		-0.00118262852
0.7424749164		3.16830306e-005		0.0001702207444		-0.0001879517012		0.0001992897129		3.752111584e-008		-0.001182699788
0.7525083612		2.979387808e-005		0.0001721609614		-0.0001882468382		0.0001874501504		3.528721548e-008		-0.001182772372
0.762541806		2.790550208e-005		0.0001739822859		-0.0001877969248		0.0001756139216		3.305396722e-008		-0.001182846013
0.7725752508		2.602537791e-005		0.0001756849866		-0.0001866034542		0.0001638278614		3.083020865e-008		-0.001182920449
0.7826086957		2.416095115e-005		0.0001772698015		-0.0001846708607		0.0001521386417		2.862474654e-008		-0.001182995412
0.7926421405		2.231960813e-005		0.0001787379359		-0.0001820065069		0.0001405925866		2.644632198e-008		-0.001183070633
0.8026755853		2.050864667e-005		0.0001800910574		-0.0001786206588		0.000129235489		2.430357569e-008		-0.001183145843
0.8127090301		1.873524709e-005		0.0001813312902		-0.0001745264497		0.0001181124283		2.220501367e-008		-0.001183220772
0.8227424749		1.700644366e-005		0.0001824612065		-0.0001697398319		0.0001072675901		2.01589732e-008		-0.00118329515
0.8327759197		1.532909661e-005		0.0001834838171		-0.0001642795181		9.674408956e-005		1.817358947e-008		-0.00118336871
0.8428093645		1.370986471e-005		0.0001844025595		-0.0001581669109		8.65837983e-005		1.625676291e-008		-0.001183441187
0.8528428094		1.215517867e-005		0.0001852212846		-0.0001514260208		7.682717554e-005		1.441612735e-008		-0.001183512321
0.8628762542		1.067121546e-005		0.0001859442419		-0.0001440833753		6.751310476e-005		1.265901918e-008		-0.001183581854
0.872909699		9.26387348e-006		0.0001865760626		-0.0001361679154		5.867873607e-005		1.099244762e-008		-0.001183649537
0.8829431438		7.938748929e-006		0.0001871217416		-0.0001277108837		5.035933517e-005		9.423066224e-009		-0.001183715124
0.8929765886		6.701113272e-006		0.0001875866179		-0.0001187457023		4.258813959e-005		7.957145725e-009		-0.001183778378
0.9030100334		5.555892026e-006		0.0001879763531		-0.0001093078416		3.539622272e-005		6.600548406e-009		-0.001183839072
0.9130434783		4.50764488e-006		0.00018829691		-9.943468016e-005		2.881236634e-005		5.358704036e-009		-0.001183896984
0.9230769231		3.560547274e-006		0.0001885545277		-8.916535718e-005		2.286294211e-005		4.236587521e-009		-0.001183951905
0.9331103679		2.718373498e-006		0.0001887556981		-7.854061668e-005		1.757180277e-005		3.238698361e-009		-0.001184003637
0.9431438127		1.984481387e-006		0.0001889071391		-6.760264528e-005		1.296018319e-005		2.369041999e-009		-0.001184051991
0.9531772575		1.361798676e-006		0.0001890157687		-5.639490353e-005		9.046612191e-006		1.631113168e-009		-0.001184096791
0.9632107023		8.528110821e-007		0.0001890886765		-4.496195174e-005		5.846835058e-006		1.027881292e-009		-0.001184137876
0.9732441472		4.595521531e-007		0.0001891330965		-3.334927098e-005		3.373747548e-006		5.617780236e-010		-0.001184175094
0.983277592		1.835949421e-007		0.0001891563771		-2.160307998e-005		1.637341413e-006		2.346869758e-010		-0.001184208311
0.9933110368		2.604553144e-008		0.0001891659528		-9.770148754e-006		6.446618451e-007		4.793569778e-011		-0.001184237405
1.003344482		-1.246155467e-008		0.0001891693135		2.102390373e-006		3.997770252e-007		2.289933474e-012		-0.00118426227
1.013377926		6.823396701e-008		0.0001891739751		1.396723339e-005		9.037599291e-007		9.795019528e-011		-0.001184282814
1.023411371		2.678173762e-007		0.0001891874491		2.577709617e-005		2.154682503e-006		3.345506719e-010		-0.001184298963
1.033444816		5.855001109e-007		0.0001892172129		3.748490612e-005		4.147622254e-006		7.111604787e-010		-0.001184310656
1.043478261		1.02002285e-006		0.000189270679		4.904399308e-005		6.874681242e-006		1.22628725e-009		-0.00118431785
1.053511706		1.569660507e-006		0.0001893551663		6.040827866e-005		1.032501742e-005		1.877883058e-009		-0.001184320518
1.063545151		2.232229111e-006		0.00018947787		7.153246319e-005		1.448488816e-005		2.663352638e-009		-0.00118431865
1.073578595		3.005094551e-006		0.000189645833		8.237220952e-005		1.933770586e-005		3.579563885e-009		-0.00118431225
1.08361204		3.885183148e-006		0.0001898659176		9.288432274e-005		2.486410527e-005		4.622860571e-009		-0.00118430134
1.093645485		4.868994004e-006		0.0001901447782		0.0001030269253		3.104202242e-005		5.789077243e-009		-0.00118428596
1.10367893		5.952613087e-006		0.0001904888345		0.0001127596263		3.78467846e-005		7.07355621e-009		-0.001184266162
1.113712375		7.13172898e-006		0.0001909042455		0.000122043685		4.525121115e-005		8.47116658e-009		-0.001184242019
1.123745819		8.401650244e-006		0.0001913968855		0.0001308421671		5.322572461e-005		9.976325226e-009		-0.001184213616
1.133779264		9.757324306e-006		0.0001919723202		0.0001391200933		6.173847157e-005		1.158301962e-008		-0.001184181054
1.143812709		1.11933578e-005		0.0001926357846		0.00014684458		7.075545296e-005		1.328483239e-008		-0.001184144451
1.153846154		1.270403829e-005		0.0001933921621		0.0001539849707		8.024066287e-005		1.507496759e-008		-0.001184103937
1.163879599		1.428335721e-005		0.0001942459651		0.0001605129588		9.015623563e-005		1.694627838e-008		-0.001184059658
1.173913043		1.592503411e-005		0.0001952013173		0.0001664026996		0.0001004626002		1.889129625e-008		-0.001184011771
1.183946488		1.762254182e-005		0.000196261937		0.0001716309128		0.0001111186416		2.090226137e-008		-0.00118396045
1.193979933		1.93691327e-005		0.0001974311228		0.0001761769738		0.0001220818676		2.297115425e-008		-0.001183905878
1.204013378		2.115786571e-005		0.0001987117404		0.0001800229941		0.0001333085822		2.508972823e-008		-0.00118384825
1.214046823		2.298163425e-005		0.0002001062114		0.0001831538904		0.0001447540619		2.7249543e-008		-0.001183787774
1.224080268		2.483319461e-005		0.0002016165042		0.0001855574423		0.0001563727374		2.944199869e-008		-0.001183724665
1.234113712		2.670519497e-005		0.0002032441259		0.0001872243375		0.0001681183772		3.165837065e-008		-0.00118365915
1.244147157		2.859020473e-005		0.0002049901171		0.0001881482059		0.000179944274		3.388984458e-008		-0.001183591463
1.254180602		3.048074425e-005		0.0002068550478		0.0001883256412		0.0001918034328		3.612755198e-008		-0.001183521847
1.264214047		3.236931459e-005		0.0002088390154		0.0001877562104		0.0002036487586		3.836260572e-008		-0.001183450551
1.274247492		3.42484274e-005		0.000210941645		0.0001864424519		0.0002154332455		4.058613556e-008		-0.001183377828
1.284280936		3.611063469e-005		0.0002131620906		0.0001843898606		0.0002271101638		4.278932358e-008		-0.00118330394
1.294314381		3.794855838e-005		0.0002154990395		0.0001816068621		0.0002386332459		4.496343921e-008		-0.001183229149
1.304347826		3.975491955e-005		0.0002179507176		0.000178104775		0.00024995687		4.709987388e-008		-0.001183153723
1.314381271		4.152256725e-005		0.0002205148965		0.0001738977612		0.0002610362403		4.919017504e-008		-0.00118307793
1.324414716		4.324450673e-005		0.000223188903		0.0001690027657		0.0002718275634		5.122607953e-008		-0.00118300204
1.334448161		4.491392709e-005		0.0002259696302		0.0001634394453		0.0002822882209		5.319954597e-008		-0.001182926324
1.344481605		4.652422804e-005		0.0002288535496		0.0001572300866		0.0002923769357		5.510278635e-008		-0.00118285105
1.35451505		4.806904589e-005		0.0002318367259		0.0001503995142		0.0003020539337		5.692829635e-008		-0.001182776486
1.364548495		4.95422785e-005		0.0002349148325		0.0001429749883		0.0003112810979		5.86688846e-008		-0.001182702896
1.37458194		5.09381092e-005		0.0002380831693		0.0001349860946		0.0003200221169		6.031770051e-008		-0.001182630543
1.384615385		5.225102956e-005		0.000241336681		0.0001264646237		0.0003282426245		6.18682608e-008		-0.001182559681
1.394648829		5.347586085e-005		0.0002446699778		0.0001174444433		0.0003359103325		6.331447438e-008		-0.001182490563
1.404682274		5.460777424e-005		0.0002480773566		0.0001079613623		0.0003429951542		6.465066577e-008		-0.001182423433
1.414715719		5.564230959e-005		0.0002515528237		9.805298772e-005		0.0003494693193		6.587159675e-008		-0.001182358528
1.424749164		5.657539272e-005		0.0002550901189		8.775857521e-005		0.0003553074796		6.697248629e-008		-0.001182296077
1.434782609		5.740335123e-005		0.0002586827397		7.71188733e-005		0.0003604868052		6.794902866e-008		-0.001182236301
1.444816054		5.812292864e-005		0.0002623239678		6.617596243e-005		0.00036498707		6.879740965e-008		-0.001182179412
1.454849498		5.873129697e-005		0.000266006895		5.497308929e-005		0.0003687907282		6.951432088e-008		-0.001182125608
1.464882943		5.922606756e-005		0.0002697244506		4.35544969e-005		0.0003718829789		7.00969721e-008		-0.00118207508
1.474916388		5.960530025e-005		0.0002734694297		3.19652514e-005		0.0003742518213		7.05431015e-008		-0.001182028006
1.484949833		5.986751073e-005		0.0002772345206		2.025106591e-005		0.0003758880982		7.085098402e-008		-0.001181984551
1.494983278		6.001167615e-005		0.0002810123346		8.458122357e-006		0.0003767855294		7.101943748e-008		-0.001181944867
1.505016722		6.003723894e-005		0.0002847954343		-3.36710821e-006		0.0003769407329		7.104782676e-008		-0.001181909094
1.515050167		5.994410876e-005		0.0002885763627		-1.517804612e-005		0.0003763532363		7.09360658e-008		-0.001181877358
1.525083612		5.973266276e-005		0.0002923476731		-2.692818372e-005		0.0003750254765		7.068461755e-008		-0.001181849768
1.535117057		5.940374387e-005		0.0002961019576		-3.857126547e-005		0.0003729627879		7.029449184e-008		-0.001181826422
1.545150502		5.895865743e-005		0.0002998318762		-5.006146692e-005		0.0003701733809		6.976724118e-008		-0.0011818074
1.555183946		5.839916594e-005		0.000303530186		-6.135357187e-005		0.0003666683081		6.910495447e-008		-0.00118179277
1.565217391		5.772748208e-005		0.0003071897687		-7.240314704e-005		0.0003624614211		6.831024874e-008		-0.001181782581
1.575250836		5.694625998e-005		0.0003108036593		-8.316671371e-005		0.0003575693156		6.738625888e-008		-0.001181776868
1.585284281		5.605858481e-005		0.0003143650727		-9.360191565e-005		0.0003520112671		6.633662538e-008		-0.001181775651
1.595317726		5.506796067e-005		0.0003178674305		-0.0001036676828		0.0003458091555		6.516548025e-008		-0.001181778932
1.605351171		5.397829686e-005		0.0003213043868		-0.0001133243899		0.0003389873812		6.3877431e-008		-0.0011817867
1.615384615		5.279389264e-005		0.0003246698529		-0.0001225340102		0.0003315727704		6.247754285e-008		-0.001181798925
1.62541806		5.151942041e-005		0.000327958021		-0.0001312602621		0.0003235944717		6.097131924e-008		-0.001181815563
1.635451505		5.015990745e-005		0.0003311633875		-0.0001394687505		0.0003150838443		5.936468065e-008		-0.001181836556
1.64548495		4.872071638e-005		0.0003342807738		-0.0001471271006		0.0003060743371		5.766394179e-008		-0.001181861826
1.655518395		4.720752416e-005		0.0003373053474		-0.0001542050834		0.0002966013604		5.587578737e-008		-0.001181891285
1.665551839		4.562629999e-005		0.0003402326405		-0.0001606747346		0.0002867021492		5.400724636e-008		-0.001181924827
1.675585284		4.3983282e-005		0.0003430585678		-0.000166510464		0.0002764156207		5.206566499e-008		-0.001181962332
1.685618729		4.228495289e-005		0.0003457794423		-0.0001716891563		0.0002657822238		5.005867844e-008		-0.001182003668
1.695652174		4.053801465e-005		0.0003483919903		-0.0001761902626		0.000254843784		4.799418143e-008		-0.001182048686
1.705685619		3.874936233e-005		0.0003508933644		-0.0001799958829		0.0002436433413		4.588029781e-008		-0.001182097227
1.715719064		3.692605713e-005		0.0003532811544		-0.0001830908371		0.0002322249849		4.372534913e-008		-0.001182149117
1.725752508		3.507529871e-005		0.0003555533975		-0.0001854627278		0.0002206336819		4.15378225e-008		-0.001182204172
1.735785953		3.320439704e-005		0.0003577085861		-0.0001871019907		0.0002089151033		3.932633766e-008		-0.001182262196
1.745819398		3.132074371e-005		0.0003597456738		-0.0001880019353		0.000197115447		3.709961356e-008		-0.001182322982
1.755852843		2.943178296e-005		0.00036166408		-0.0001881587742		0.0001852812577		3.486643438e-008		-0.001182386313
1.765886288		2.754498236e-005		0.0003634636924		-0.000187571642		0.0001734592454		3.263561535e-008		-0.001182451964
1.775919732		2.566780352e-005		0.0003651448676		-0.0001862426015		0.0001616961034		3.041596823e-008		-0.0011825197
1.785953177		2.380767263e-005		0.0003667084302		-0.0001841766403		0.0001500383245		2.821626682e-008		-0.00118258928
1.795986622		2.197195121e-005		0.0003681556701		-0.0001813816545		0.000138532019		2.604521244e-008		-0.001182660454
1.806020067		2.016790699e-005		0.000369488337		-0.0001778684224		0.0001272227327		2.391139971e-008		-0.001182732969
1.816053512		1.84026852e-005		0.0003707086346		-0.0001736505657		0.0001161552672		2.182328253e-008		-0.001182806566
1.826086957		1.668328025e-005		0.0003718192119		-0.0001687445001		0.000105373502		1.978914061e-008		-0.00118288098
1.836120401		1.501650794e-005		0.000372823153		-0.0001631693746		9.492022022e-005		1.781704651e-008		-0.001182955946
1.846153846		1.340897842e-005		0.0003737239655		-0.0001569470003		8.483693815e-005		1.59148335e-008		-0.001183031194
1.856187291		1.186706981e-005		0.0003745255665		-0.0001501017676		7.516373882e-005		1.409006413e-008		-0.001183106455
1.866220736		1.039690282e-005		0.0003752322679		-0.0001426605535		6.593911126e-005		1.234999995e-008		-0.001183181458
1.876254181		9.004316229e-006		0.0003758487594		-0.000134652619		5.71997953e-005		1.07015722e-008		-0.001183255935
1.886287625		7.694843571e-006		0.0003763800899		-0.0001261094964		4.898063309e-005		9.151353747e-009		-0.001183329617
1.89632107		6.473690884e-006		0.0003768316483		-0.0001170648668		4.131442759e-005		7.705532478e-009		-0.001183402239
1.906354515		5.34571581e-006		0.000377209142		-0.0001075544294		3.423180897e-005		6.369886016e-009		-0.00118347354
1.91638796		4.315408019e-006		0.0003775185743		-9.761576216e-005		2.776110919e-005		5.149758103e-009		-0.001183543262
1.926421405		3.386871084e-006		0.0003777662211		-8.728817389e-005		2.192824565e-005		4.050036629e-009		-0.001183611154
1.936454849		2.563805867e-006		0.000377958606		-7.661254977e-005		1.675661412e-005		3.075133449e-009		-0.001183676972
1.946488294		1.849495503e-006		0.0003781024742		-6.563118959e-005		1.226699168e-005		2.228966066e-009		-0.001183740477
1.956521739		1.246792029e-006		0.0003782047663		-5.438764004e-005		8.477449944e-006		1.514941274e-009		-0.001183801439
1.966555184		7.581047333e-007		0.0003782725903		-4.292652142e-005		5.403279117e-006		9.35940833e-010		-0.001183859638
1.976588629		3.853902619e-007		0.0003783131933		-3.12933496e-005		3.056923185e-006		4.943092542e-010		-0.001183914863
1.986622074		1.301445407e-007		0.0003783339332		-1.953435396e-005		1.447926549e-006		1.918437379e-010		-0.001183966914
1.996655518		-6.603462933e-009		0.0003783422487		-7.696291939e-006		5.828924083e-007		2.978633659e-011		-0.001184015601
2.006688963		-2.429610021e-008		0.00037834563		4.173738893e-006		4.654531093e-007		8.818371471e-012		-0.001184060749
2.016722408		7.715049478e-008		0.0003783515889		1.602849058e-005		1.096252616e-006		1.2905714e-010		-0.001184102193
2.026755853		2.973458512e-007		0.0003783676284		2.782075542e-005		2.472941238e-006		3.900549354e-010		-0.001184139781
2.036789298		6.354265234e-007		0.0003784012131		3.950355685e-005		4.590182665e-006		7.908003902e-010		-0.001184173378
2.046822742		1.090059366e-006		0.0003784597391		5.103033951e-005		7.439673325e-006		1.329722145e-009		-0.00118420286
2.056856187		1.659446714e-006		0.0003785505042		6.235515803e-005		1.101017401e-005		2.004694832e-009		-0.00118422812
2.066889632		2.341333441e-006		0.0003786806791		7.343286335e-005		1.528755367e-005		2.813047359e-009		-0.001184249064
2.076923077		3.133015878e-006		0.0003788572779		8.421928605e-005		2.025484521e-005		3.751573448e-009		-0.001184265617
2.086956522		4.031352559e-006		0.0003790871308		9.467141571e-005		2.589231304e-005		4.816544414e-009		-0.001184277717
2.096989967		5.032776729e-006		0.0003793768561		0.0001047475757		3.217753223e-005		6.003724099e-009		-0.001184285319
2.107023411		6.1333106e-006		0.0003797328338		0.0001144075925		3.90854787e-005		7.308385932e-009		-0.001184288395
2.117056856		7.32858126e-006		0.0003801611801		0.0001236129586		4.658863038e-005		8.725332013e-009		-0.001184286932
2.127090301		8.613838198e-006		0.0003806677227		0.0001323269893		5.465707862e-005		1.024891417e-008		-0.001184280934
2.137123746		9.98397235e-006		0.0003812579776		0.0001405149707		6.325864953e-005		1.187305687e-008		-0.001184270421
2.147157191		1.143353661e-005		0.000381937127		0.000148144301		7.235903474e-005		1.359128191e-008		-0.001184255432
2.157190635		1.295676769e-005		0.0003827099984		0.0001551846215		8.192193091e-005		1.539673475e-008		-0.001184236018
2.16722408		1.454760928e-005		0.0003835810454		0.0001616079396		9.190918744e-005		1.728221243e-008		-0.00118421225
2.177257525		1.619973637e-005		0.0003845543299		0.0001673887409		0.0001022809618		1.924019286e-008		-0.001184184211
2.18729097		1.790658067e-005		0.0003856335062		0.0001725040918		0.0001129958814		2.126286545e-008		-0.001184152002
2.197324415		1.966135694e-005		0.0003868218058		0.0001769337302		0.0001240112126		2.334216286e-008		-0.001184115738
2.20735786		2.14570903e-005		0.0003881220255		0.0001806601466		0.0001352830334		2.546979385e-008		-0.001184075549
2.217391304		2.328664417e-005		0.0003895365155		0.0001836686524		0.0001467664127		2.76372769e-008		-0.00118403158
2.227424749		2.514274888e-005		0.0003910671709		0.0001859474371		0.0001584155925		2.983597466e-008		-0.001183983987
2.237458194		2.701803087e-005		0.0003927154237		0.0001874876136		0.0001701841727		3.205712894e-008		-0.001183932942
2.247491639		2.890504213e-005		0.0003944822379		0.0001882832512		0.0001820252995		3.429189617e-008		-0.001183878628
2.257525084		3.079629009e-005		0.0003963681053		0.0001883313964		0.0001938918545		3.653138306e-008		-0.001183821238
2.267558528		3.268426748e-005		0.0003983730443		0.000187632082		0.0002057366445		3.876668253e-008		-0.00118376098
2.277591973		3.456148237e-005		0.0004004965999		0.0001861883232		0.0002175125911		4.098890949e-008		-0.001183698068
2.287625418		3.642048801e-005		0.0004027378455		0.0001840061021		0.0002291729203		4.318923651e-008		-0.001183632729
2.297658863		3.825391251e-005		0.0004050953875		0.0001810943401		0.0002406713492		4.535892917e-008		-0.001183565196
2.307692308		4.005448815e-005		0.0004075673709		0.000177464858		0.0002519622712		4.748938096e-008		-0.00118349571
2.317725753		4.181508023e-005		0.0004101514866		0.0001731323254		0.0002630009371		4.957214752e-008		-0.00118342452
2.327759197		4.352871541e-005		0.0004128449817		0.0001681141976		0.0002737436336		5.159898018e-008		-0.001183351881
2.337792642		4.518860928e-005		0.0004156446699		0.0001624306424		0.0002841478554		5.356185866e-008		-0.001183278052
2.347826087		4.678819319e-005		0.0004185469453		0.0001561044556		0.0002941724735		5.545302262e-008		-0.001183203297
2.357859532		4.832114016e-005		0.0004215477965		0.0001491609666		0.0003037778968		5.726500227e-008		-0.001183127881
2.367892977		4.978138984e-005		0.0004246428229		0.0001416279336		0.0003129262271		5.899064757e-008		-0.001183052075
2.377926421		5.116317227e-005		0.0004278272525		0.0001335354302		0.0003215814068		6.062315618e-008		-0.001182976148
2.387959866		5.246103058e-005		0.0004310959615		0.0001249157227		0.0003297093598		6.215609986e-008		-0.00118290037
2.397993311		5.366984229e-005		0.0004344434939		0.0001158031386		0.0003372781225		6.358344941e-008		-0.00118282501
2.408026756		5.478483938e-005		0.0004378640843		0.0001062339285		0.0003442579674		6.489959784e-008		-0.001182750337
2.418060201		5.580162681e-005		0.0004413516805		9.624611947e-005		0.0003506215173		6.609938195e-008		-0.001182676615
2.428093645		5.671619964e-005		0.0004448999676		8.587936318e-005		0.0003563438492		6.717810193e-008		-0.001182604107
2.43812709		5.752495852e-005		0.0004485023932		7.517477701e-005		0.0003614025891		6.813153927e-008		-0.001182533068
2.448160535		5.822472359e-005		0.0004521521935		6.41747805e-005		0.0003657779965		6.895597259e-008		-0.001182463752
2.45819398		5.881274675e-005		0.0004558424199		5.292292701e-005		0.0003694530376		6.96481916e-008		-0.001182396402
2.468227425		5.928672213e-005		0.0004595659668		4.146373138e-005		0.0003724134488		7.020550893e-008		-0.001182331257
2.47826087		5.964479487e-005		0.0004633155995		2.984249442e-005		0.0003746477886		7.062576998e-008		-0.001182268548
2.488294314		5.988556817e-005		0.0004670839826		1.810512477e-005		0.0003761474788		7.090736067e-008		-0.001182208496
2.498327759		6.000810841e-005		0.0004708637094		6.297958792e-006		0.0003769068344		7.104921303e-008		-0.001182151312
2.508361204		6.001194861e-005		0.0004746473305		-5.53242063e-006		0.0003769230822		7.105080877e-008		-0.001182097198
2.518394649		5.989708994e-005		0.0004784273833		-1.733936591e-005		0.0003761963685		7.091218063e-008		-0.001182046345
2.528428094		5.966400147e-005		0.0004821964215		-2.907634641e-005		0.0003747297552		7.063391169e-008		-0.001181998932
2.538461538		5.931361811e-005		0.0004859470439		-4.069712924e-005		0.0003725292052		7.021713252e-008		-0.001181955124
2.548494983		5.884733667e-005		0.0004896719239		-5.215595863e-005		0.0003696035559		6.96635163e-008		-0.001181915077
2.558528428		5.826701024e-005		0.0004933638377		-6.340773312e-005		0.0003659644833		6.897527184e-008		-0.00118187893
2.568561873		5.757494069e-005		0.0004970156928		-7.440817997e-005		0.0003616264536		6.81551346e-008		-0.001181846811
2.578595318		5.677386951e-005		0.0005006205558		-8.511402617e-005		0.0003566066656		6.720635569e-008		-0.001181818831
2.588628763		5.586696692e-005		0.0005041716794		-9.548316547e-005		0.000350924982		6.613268894e-008		-0.001181795088
2.598662207		5.485781936e-005		0.0005076625287		-0.0001054748207		0.0003446038515		6.493837613e-008		-0.001181775665
2.608695652		5.375041533e-005		0.0005110868069		-0.000115049701		0.0003376682202		6.362813031e-008		-0.001181760629
2.618729097		5.254912971e-005		0.0005144384796		-0.0001241701531		0.0003301454344		6.220711739e-008		-0.001181750033
2.628762542		5.125870658e-005		0.0005177117989		-0.0001328003067		0.0003220651341		6.068093604e-008		-0.001181743913
2.638795987		4.988424061e-005		0.0005209013251		-0.0001409062127		0.0003134591379		5.905559594e-008		-0.001181742288
2.648829431		4.843115716e-005		0.0005240019488		-0.0001484559739		0.0003043613195		5.733749451e-008		-0.001181745165
2.658862876		4.690519097e-005		0.0005270089101		-0.000155419869		0.0002948074773		5.553339217e-008		-0.001181752532
2.668896321		4.53123638e-005		0.0005299178179		-0.0001617704666		0.0002848351953		5.365038618e-008		-0.001181764361
2.678929766		4.365896087e-005		0.0005327246666		-0.0001674827328		0.0002744836987		5.169588331e-008		-0.00118178061
2.688963211		4.195150629e-005		0.000535425852		-0.0001725341275		0.0002637937022		4.967757123e-008		-0.00118180122
2.698996656		4.019673758e-005		0.0005380181857		-0.0001769046932		0.0002528072531		4.760338885e-008		-0.001181826118
2.7090301		3.840157933e-005		0.0005404989072		-0.000180577133		0.0002415675692		4.548149573e-008		-0.001181855215
2.719063545		3.657311618e-005		0.0005428656954		-0.0001835368791		0.0002301188718		4.332024056e-008		-0.001181888406
2.72909699		3.471856504e-005		0.0005451166772		-0.0001857721504		0.000218506215		4.112812892e-008		-0.001181925574
2.739130435		3.284524694e-005		0.0005472504355		-0.0001872740007		0.0002067753117		3.891379043e-008		-0.001181966587
2.74916388		3.096055833e-005		0.0005492660146		-0.000188036355		0.0001949723568		3.668594535e-008		-0.001182011297
2.759197324		2.907194216e-005		0.0005511629243		-0.0001880560357		0.0001831438477		3.445337076e-008		-0.001182059546
2.769230769		2.718685862e-005		0.000552941142		-0.0001873327774		0.0001713364046		3.222486653e-008		-0.001182111162
2.779264214		2.531275599e-005		0.000554601113		-0.0001858692312		0.0001595965886		3.00092211e-008		-0.001182165962
2.789297659		2.345704127e-005		0.0005561437491		-0.0001836709566		0.0001479707207		2.781517723e-008		-0.001182223749
2.799331104		2.162705117e-005		0.0005575704251		-0.0001807464037		0.0001365047007		2.565139788e-008		-0.001182284319
2.809364548		1.983002314e-005		0.0005588829739		-0.0001771068834		0.0001252438278		2.352643228e-008		-0.001182347455
2.819397993		1.807306689e-005		0.0005600836792		-0.0001727665265		0.0001142326229		2.144868241e-008		-0.001182412933
2.829431438		1.636313632e-005		0.0005611752673		-0.0001677422322		0.0001035146531		1.942636993e-008		-0.001182480518
2.839464883		1.470700203e-005		0.0005621608963		-0.0001620536053		9.313236013e-005		1.746750375e-008		-0.001182549969
2.849498328		1.311122451e-005		0.0005630441441		-0.0001557228832		8.312689235e-005		1.55798483e-008		-0.001182621038
2.859531773		1.158212812e-005		0.0005638289945		-0.0001487748522		7.353794112e-005		1.377089272e-008		-0.001182693472
2.869565217		1.012577597e-005		0.0005645198218		-0.0001412367534		6.440358282e-005		1.204782099e-008		-0.001182767012
2.879598662		8.747945776e-006		0.0005651213741		-0.0001331381791		5.576012647e-005		1.041748322e-008		-0.001182841393
2.889632107		7.454106823e-006		0.0005656387541		-0.0001245109598		4.764196802e-005		8.88636811e-009		-0.00118291635
2.899665552		6.249398089e-006		0.0005660774002		-0.0001153890414		4.008145158e-005		7.460576816e-009		-0.001182991614
2.909698997		5.138607665e-006		0.0005664430642		-0.0001058083544		3.31087385e-005		6.145798208e-009		-0.001183066916
2.919732441		4.12615352e-006		0.0005667417896		-9.580667431e-005		2.675168458e-005		4.947285735e-009		-0.001183141984
2.929765886		3.216065705e-006		0.0005669798873		-8.542347498e-005		2.103572618e-005		3.869835927e-009		-0.00118321655
2.939799331		2.411970075e-006		0.0005671639112		-7.469977393e-005		1.598377552e-005		2.917768653e-009		-0.001183290345
2.949832776		1.717073586e-006		0.000567300632		-6.367797173e-005		1.161612582e-005		2.094909231e-009		-0.001183363103
2.959866221		1.134151245e-006		0.0005673970107		-5.240168508e-005		7.950366646e-006		1.404572464e-009		-0.001183434563
2.969899666		6.655347552e-007		0.0005674601711		-4.091557463e-005		5.001309794e-006		8.495486734e-010		-0.001183504467
2.97993311		3.131029243e-007		0.0005674973714		-2.926516807e-005		2.780926223e-006		4.320918064e-010		-0.001183572563
2.989966555		7.82738575e-008		0.0005675159756		-1.749667928e-005		1.298294221e-006		1.539096768e-010		-0.001183638605
