time		x		y		vx		vy		KineticEnergy		PotentialEnergy
0		0		0		0		0		0		-39.4784176
0.01003344482		5.949548441e-008		3.758181973e-009		1.185943422e-005		7.491310024e-007		7.060368859e-011		-0.00118435026
0.02006688963		2.379819575e-007		1.503272914e-008		2.368336679e-005		1.871322617e-006		2.822018553e-010		-0.001184343459
0.03010033445		5.347469918e-007		4.130980639e-008		3.541278599e-005		3.736631581e-006		6.340139135e-010		-0.001184332127
0.04013377926		9.486064255e-007		9.001530267e-008		4.70009154e-005		6.337564038e-006		1.124625383e-009		-0.001184316273
0.05016722408		1.477909174e-006		1.684850045e-007		5.840155269e-005		9.663671968e-006		1.752063956e-009		-0.001184295909
0.0602006689		2.120543938e-006		2.839351415e-007		6.956925717e-005		1.370159634e-005		2.513807643e-009		-0.001184271051
0.07023411371		2.873947779e-006		4.43433426e-007		8.045953422e-005		1.843512229e-005		3.40679519e-009		-0.001184241718
0.08026755853		3.735116531e-006		6.538707058e-007		9.10290156e-005		2.384524604e-005		4.42743872e-009		-0.001184207933
0.09030100334		4.700616989e-006		9.219333466e-007		0.0001012356351		2.991025335e-005		5.571638535e-009		-0.001184169722
0.1003344482		5.766600847e-006		1.254076459e-006		0.0001110387986		3.660580902e-005		6.83480003e-009		-0.001184127118
0.110367893		6.928820306e-006		1.656498076e-006		0.0001203995482		4.390505723e-005		8.211852631e-009		-0.001184080154
0.1204013378		8.182645293e-006		2.135114396e-006		0.0001292807188		5.17787321e-005		9.697270681e-009		-0.001184028868
0.1304347826		9.523082222e-006		2.695536179e-006		0.0001376470881		6.019527818e-005		1.128509618e-008		-0.001183973301
0.1404682274		1.094479422e-005		3.3430464e-006		0.0001454655172		6.912098013e-005		1.29689633e-008		-0.0011839135
0.1505016722		1.24421227e-005		4.082579258e-006		0.000152705084		7.852010123e-005		1.474212449e-008		-0.001183849513
0.1605351171		1.400911028e-005		4.918700605e-006		0.0001593372058		8.835503e-005		1.659747824e-008		-0.001183781392
0.1705685619		1.563952482e-005		5.855589894e-006		0.0001653357529		9.858643434e-005		1.852759811e-008		-0.001183709193
0.1806020067		1.732688459e-005		6.897023702e-006		0.000170677152		0.0001091734225		2.05247632e-008		-0.001183632975
0.1906354515		1.90644844e-005		8.046360914e-006		0.0001753404785		0.0001200737103		2.258098966e-008		-0.001183552801
0.2006688963		2.084542262e-005		9.306529594e-006		0.0001793075383		0.0001312437935		2.46880633e-008		-0.001183468737
0.2107023411		2.266262898e-005		1.068001563e-005		0.0001825629375		0.0001426391253		2.68375731e-008		-0.001183380851
0.220735786		2.450889294e-005		1.216885318e-005		0.0001850941414		0.0001542142976		2.90209454e-008		-0.001183289216
0.2307692308		2.637689269e-005		1.377461692e-005		0.0001868915213		0.0001659232253		3.122947872e-008		-0.001183193907
0.2408026756		2.825922447e-005		1.549841623e-005		0.0001879483887		0.0001777193331		3.345437908e-008		-0.001183095002
0.2508361204		3.014843226e-005		1.734089117e-005		0.0001882610185		0.0001895557439		3.568679556e-008		-0.001182992583
0.2608695652		3.203703755e-005		1.930221042e-005		0.0001878286594		0.0002013854683		3.791785606e-008		-0.001182886734
0.27090301		3.391756924e-005		2.138207113e-005		0.000186653532		0.0002131615937		4.013870302e-008		-0.001182777541
0.2809364548		3.578259338e-005		2.357970059e-005		0.0001847408155		0.0002248374728		4.234052904e-008		-0.001182665095
0.2909698997		3.762474279e-005		2.589385988e-005		0.0001820986214		0.0002363669108		4.451461222e-008		-0.001182549487
0.3010033445		3.943674631e-005		2.832284931e-005		0.0001787379563		0.0002477043499		4.6652351e-008		-0.001182430812
0.3110367893		4.121145763e-005		3.086451573e-005		0.0001746726725		0.0002588050511		4.874529848e-008		-0.001182309167
0.3210702341		4.294188355e-005		3.35162617e-005		0.000169919407		0.0002696252718		5.078519605e-008		-0.001182184653
0.3311036789		4.462121162e-005		3.627505631e-005		0.0001644975103		0.0002801224397		5.276400605e-008		-0.00118205737
0.3411371237		4.624283694e-005		3.913744778e-005		0.0001584289631		0.00029025532		5.467394357e-008		-0.001181927422
0.3511705686		4.780038814e-005		4.209957778e-005		0.0001517382836		0.0002999841786		5.650750707e-008		-0.001181794917
0.3612040134		4.928775233e-005		4.515719719e-005		0.0001444524247		0.0003092709372		5.825750779e-008		-0.001181659961
0.3712374582		5.0699099e-005		4.830568354e-005		0.000136600661		0.000318079322		5.991709783e-008		-0.001181522665
0.381270903		5.202890272e-005		5.154005983e-005		0.0001282144678		0.0003263750047		6.147979671e-008		-0.001181383141
0.3913043478		5.327196458e-005		5.485501474e-005		0.0001193273907		0.0003341257349		6.293951644e-008		-0.001181241501
0.4013377926		5.44234323e-005		5.824492408e-005		0.0001099749079		0.0003413014642		6.429058491e-008		-0.001181097861
0.4113712375		5.547881892e-005		6.170387355e-005		0.0001001942851		0.0003478744606		6.552776754e-008		-0.001180952337
0.4214046823		5.643401996e-005		6.522568249e-005		9.00244231e-005		0.0003538194136		6.664628709e-008		-0.001180805047
0.4314381271		5.728532908e-005		6.880392867e-005		7.950570044e-005		0.0003591135292		6.764184162e-008		-0.00118065611
0.4414715719		5.802945207e-005		7.243197404e-005		6.86798097e-005		0.0003637366144		6.851062046e-008		-0.001180505646
0.4515050167		5.866351924e-005		7.610299117e-005		5.758958956e-005		0.0003676711512		6.924931814e-008		-0.001180353777
0.4615384615		5.918509601e-005		7.980999045e-005		4.627885279e-005		0.0003709023598		6.985514636e-008		-0.001180200624
0.4715719064		5.959219187e-005		8.354584789e-005		3.479221096e-005		0.0003734182502		7.032584378e-008		-0.001180046311
0.4816053512		5.988326747e-005		8.730333327e-005		2.317489651e-005		0.0003752096634		7.065968366e-008		-0.001179890962
0.491638796		6.005723996e-005		9.107513879e-005		1.147258308e-005		0.0003762703002		7.085547948e-008		-0.001179734701
0.5016722408		6.011348653e-005		9.485390785e-005		-2.687953463e-007		0.0003765967397		7.091258829e-008		-0.001179577652
0.5117056856		6.005184607e-005		9.8632264e-005		-1.200322564e-005		0.0003761884454		7.083091192e-008		-0.001179419942
0.5217391304		5.987261912e-005		0.0001024028399		-2.368479646e-005		0.0003750477605		7.061089611e-008		-0.001179261696
0.5317725753		5.957656588e-005		0.000106158306		-3.526787807e-005		0.0003731798916		7.025352737e-008		-0.00117910304
0.5418060201		5.916490251e-005		0.0001098913996		-4.670730046e-005		0.0003705928816		6.97603279e-008		-0.0011789441
0.5518394649		5.863929563e-005		0.0001135949525		-5.795852899e-005		0.0003672975707		6.913334825e-008		-0.001178785001
0.5618729097		5.80018551e-005		0.0001172619194		-6.897783694e-005		0.0003633075476		6.837515806e-008		-0.001178625871
0.5719063545		5.725512499e-005		0.0001208854049		-7.972247425e-005		0.0003586390896		6.748883476e-008		-0.001178466834
0.5819397993		5.640207301e-005		0.0001244586904		-9.015083185e-005		0.0003533110926		6.64779503e-008		-0.001178308016
0.5919732441		5.54460782e-005		0.0001279752596		-0.000100222601		0.0003473449905		6.534655608e-008		-0.001178149543
0.602006689		5.439091714e-005		0.000131428824		-0.0001098989268		0.0003407646663		6.409916595e-008		-0.001177991538
0.6120401338		5.324074857e-005		0.0001348133466		-0.0001191425558		0.0003335963528		6.274073762e-008		-0.001177834125
0.6220735786		5.200009662e-005		0.0001381230652		-0.0001279179768		0.0003258685253		6.127665227e-008		-0.001177677428
0.6321070234		5.067383264e-005		0.0001413525143		-0.0001361915539		0.0003176117852		5.971269272e-008		-0.001177521569
0.6421404682		4.926715574e-005		0.0001444965458		-0.0001439316528		0.0003088587369		5.805502001e-008		-0.00117736667
0.652173913		4.778557205e-005		0.0001475503485		-0.0001511087577		0.0002996438565		5.63101487e-008		-0.001177212851
0.6622073579		4.623487297e-005		0.000150509466		-0.000157695581		0.0002900033542		5.448492086e-008		-0.001177060232
0.6722408027		4.462111223e-005		0.0001533698138		-0.0001636671627		0.0002799750302		5.258647885e-008		-0.001176908931
0.6822742475		4.295058208e-005		0.0001561276941		-0.0001690009616		0.0002695981253		5.062223711e-008		-0.001176759065
0.6923076923		4.122978859e-005		0.0001587798096		-0.0001736769361		0.0002589131665		4.859985296e-008		-0.00117661075
0.7023411371		3.946542617e-005		0.000161323276		-0.0001776776157		0.0002479618077		4.65271966e-008		-0.0011764641
0.7123745819		3.766435149e-005		0.0001637556319		-0.0001809881621		0.0002367866675		4.441232036e-008		-0.001176319228
0.7224080268		3.58335567e-005		0.0001660748479		-0.0001835964204		0.0002254311629		4.226342739e-008		-0.001176176246
0.7324414716		3.398014238e-005		0.0001682793341		-0.0001854929594		0.0002139393414		4.008883988e-008		-0.001176035262
0.7424749164		3.211128996e-005		0.0001703679451		-0.0001866711017		0.0002023557105		3.789696689e-008		-0.001175896386
0.7525083612		3.023423398e-005		0.0001723399838		-0.0001871269436		0.0001907250667		3.569627205e-008		-0.001175759722
0.762541806		2.835623423e-005		0.0001741952039		-0.0001868593636		0.0001790923233		3.349524102e-008		-0.001175625375
0.7725752508		2.648454776e-005		0.0001759338097		-0.0001858700208		0.0001675023388		3.130234907e-008		-0.001175493448
0.7826086957		2.462640104e-005		0.0001775564549		-0.0001841633431		0.0001559997458		2.912602881e-008		-0.00117536404
0.7926421405		2.278896228e-005		0.0001790642394		-0.0001817465043		0.0001446287811		2.697463806e-008		-0.001175237249
0.8026755853		2.0979314e-005		0.0001804587047		-0.0001786293914		0.0001334331184		2.485642828e-008		-0.001175113171
0.8127090301		1.9204426e-005		0.0001817418271		-0.0001748245617		0.000122455703		2.277951329e-008		-0.0011749919
0.8227424749		1.747112881e-005		0.0001829160097		-0.0001703471897		0.0001117385901		2.075183878e-008		-0.001174873528
0.8327759197		1.578608774e-005		0.000183984073		-0.0001652150046		0.0001013227866		1.878115242e-008		-0.001174758142
0.8428093645		1.415577755e-005		0.0001849492429		-0.0001594482184		9.124809746e-005		1.687497483e-008		-0.001174645831
0.8528428094		1.258645794e-005		0.0001858151385		-0.0001530694448		8.155297694e-005		1.50405715e-008		-0.001174536677
0.8628762542		1.108414989e-005		0.0001865857575		-0.0001461036093		7.227438541e-005		1.328492571e-008		-0.001174430763
0.872909699		9.654612939e-006		0.0001872654606		-0.0001385778506		6.344765181e-005		1.161471259e-008		-0.001174328168
0.8829431438		8.303323461e-006		0.0001878589545		-0.0001305214148		5.510634281e-005		1.003627438e-008		-0.001174228968
0.8929765886		7.035454112e-006		0.0001883712735		-0.0001219655415		4.728213873e-005		8.555596977e-009		-0.001174133236
0.9030100334		5.855854401e-006		0.00018880776		-0.0001129433421		4.000471681e-005		7.178287941e-009		-0.001174041044
0.9130434783		4.769032533e-006		0.0001891740438		-0.0001034896726		3.330164217e-005		5.909555848e-009		-0.00117395246
0.9230769231		3.779138564e-006		0.0001894760204		-9.364099945e-005		2.719826692e-005		4.754191251e-009		-0.001173867549
0.9331103679		2.889948932e-006		0.0001897198284		-8.343526001e-005		2.171763764e-005		3.716549199e-009		-0.001173786374
0.9431438127		2.10485241e-006		0.0001899118258		-7.291171744e-005		1.688041159e-005		2.800533418e-009		-0.001173708995
0.9531772575		1.426837545e-006		0.0001900585657		-6.211081138e-005		1.270478203e-005		2.009582188e-009		-0.001173635469
0.9632107023		8.58481613e-007		0.0001901667713		-5.107400433e-005		9.206412662e-006		1.346655976e-009		-0.001173565848
0.9732441472		4.019411369e-007		0.0001902433098		-3.984362459e-005		6.398381703e-006		8.142268543e-010		-0.001173500185
0.983277592		5.894399586e-008		0.0001902951669		-2.846270615e-005		4.291135482e-006		4.142697425e-010		-0.001173438527
0.9933110368		-1.69216846e-007		0.0001903294195		-1.697482637e-005		2.892451912e-006		1.482555042e-010		-0.001173380918
1.003344482		-2.816879714e-007		0.0001903532094		-5.423941762e-006		2.207413845e-006		1.714591006e-011		-0.001173327402
1.013377926		-2.780584867e-007		0.0001903737155		6.145777322e-006		2.238392408e-006		2.139048973e-011		-0.001173278015
1.023411371		-1.583613362e-007		0.000190398127		1.769011262e-005		2.985040376e-006		1.609252753e-010		-0.001173232793
1.033444816		7.692705083e-008		0.000190433616		2.916496386e-005		4.444295559e-006		4.3517344e-010		-0.00117319177
1.043478261		4.268887747e-007		0.0001904873102		4.052651402e-005		6.610394202e-006		8.430478249e-010		-0.001173154974
1.053511706		8.901681348e-007		0.000190566266		5.173139342e-005		9.474894314e-006		1.382955344e-009		-0.001173122432
1.063545151		1.464976937e-006		0.0001906774418		6.2736842e-005		1.302670884e-005		2.052803244e-009		-0.001173094165
1.073578595		2.149101419e-006		0.0001908276715		7.350086924e-005		1.725214855e-005		2.850007204e-009		-0.001173070195
1.08361204		2.939910768e-006		0.0001910236388		8.398241108e-005		2.213497444e-005		3.771501232e-009		-0.001173050536
1.093645485		3.834367193e-006		0.0001912718516		9.414148346e-005		2.765645953e-005		4.813749331e-009		-0.001173035204
1.10367893		4.829037526e-006		0.0001915786179		0.0001039393316		3.379545975e-005		5.972758881e-009		-0.001173024207
1.113712375		5.92010629e-006		0.0001919500214		0.0001133385751		4.052849367e-005		7.244095707e-009		-0.001173017552
1.123745819		7.103390205e-006		0.0001923918987		0.0001223033474		4.782983084e-005		8.622900752e-009		-0.001173015244
1.133779264		8.374354064e-006		0.0001929098173		0.00013079943		5.567158837e-005		1.010390831e-008		-0.001173017282
1.143812709		9.728127929e-006		0.0001935090543		0.0001387943805		6.402383537e-005		1.168146578e-008		-0.001173023664
1.153846154		1.115952558e-005		0.0001941945766		0.0001462576546		7.2854705e-005		1.334955478e-008		-0.001173034383
1.163879599		1.266306414e-005		0.0001949710217		0.0001531607198		8.213051358e-005		1.510181368e-008		-0.00117304943
1.173913043		1.423298484e-005		0.0001958426805		0.0001594771635		9.181588643e-005		1.693156135e-008		-0.001173068794
1.183946488		1.586327478e-005		0.0001968134809		0.000165182792		0.00010187389		1.883182211e-008		-0.001173092457
1.193979933		1.75476897e-005		0.0001978869726		0.0001702557216		0.0001122661697		2.079535179e-008		-0.001173120401
1.204013378		1.927977756e-005		0.0001990663138		0.000174676462		0.0001229530931		2.281466475e-008		-0.001173152604
1.214046823		2.105290298e-005		0.0002003542588		0.0001784279903		0.0001338938981		2.488206183e-008		-0.001173189041
1.224080268		2.286027234e-005		0.0002017531478		0.0001814958155		0.0001450468449		2.698965912e-008		-0.001173229683
1.234113712		2.469495948e-005		0.0002032648978		0.0001838680352		0.0001563693719		2.912941742e-008		-0.001173274499
1.244147157		2.654993191e-005		0.0002048909948		0.0001855353811		0.0001678182555		3.129317225e-008		-0.001173323454
1.254180602		2.841807749e-005		0.0002066324882		0.0001864912561		0.0001793497708		3.347266446e-008		-0.00117337651
1.264214047		3.029223137e-005		0.0002084899868		0.0001867317612		0.0001909198565		3.565957112e-008		-0.001173433627
1.274247492		3.216520314e-005		0.0002104636559		0.000186255712		0.0002024842791		3.784553676e-008		-0.00117349476
1.284280936		3.402980418e-005		0.0002125532165		0.0001850646458		0.0002139987996		4.002220467e-008		-0.001173559864
1.294314381		3.587887496e-005		0.0002147579462		0.0001831628186		0.0002254193396		4.21812484e-008		-0.001173628887
1.304347826		3.770531225e-005		0.0002170766815		0.0001805571916		0.0002367021473		4.4314403e-008		-0.001173701777
1.314381271		3.950209619e-005		0.0002195078221		0.0001772574082		0.0002478039625		4.641349629e-008		-0.001173778479
1.324414716		4.126231709e-005		0.0002220493363		0.0001732757604		0.0002586821799		4.847047966e-008		-0.001173858933
1.334448161		4.297920175e-005		0.0002246987688		0.0001686271461		0.0002692950106		5.047745857e-008		-0.001173943079
1.344481605		4.464613942e-005		0.0002274532495		0.0001633290159		0.0002796016409		5.242672251e-008		-0.001174030851
1.35451505		4.625670709e-005		0.0002303095041		0.0001574013108		0.0002895623869		5.431077429e-008		-0.001174122183
1.364548495		4.780469415e-005		0.000233263866		0.0001508663904		0.0002991388467		5.612235868e-008		-0.001174217006
1.37458194		4.928412629e-005		0.0002363122903		0.0001437489517		0.0003082940465		5.785449012e-008		-0.001174315245
1.384615385		5.06892885e-005		0.0002394503686		0.0001360759394		0.0003169925832		5.950047955e-008		-0.001174416828
1.394648829		5.201474715e-005		0.0002426733455		0.0001278764472		0.0003252007604		6.105396016e-008		-0.001174521674
1.404682274		5.325537106e-005		0.0002459761364		0.0001191816113		0.0003328867188		6.2508912e-008		-0.001174629705
1.414715719		5.440635139e-005		0.0002493533465		0.0001100244957		0.0003400205597		6.385968535e-008		-0.001174740838
1.424749164		5.546322047e-005		0.0002527992914		0.0001004399699		0.0003465744624		6.510102278e-008		-0.001174854987
1.434782609		5.642186918e-005		0.000256308018		9.046457991e-005		0.0003525227927		6.622807979e-008		-0.001174972064
1.444816054		5.727856321e-005		0.0002598733274		8.013641222e-005		0.0003578422044		6.723644392e-008		-0.00117509198
1.454849498		5.802995772e-005		0.000263488798		6.949495194e-005		0.0003625117327		6.812215233e-008		-0.001175214643
1.464882943		5.867311074e-005		0.0002671478103		5.858093503e-005		0.0003665128777		6.888170772e-008		-0.001175339957
1.474916388		5.920549488e-005		0.0002708435715		4.743619561e-005		0.0003698296802		6.951209252e-008		-0.001175467827
1.484949833		5.962500764e-005		0.0002745691417		3.61035085e-005		0.0003724487876		7.001078136e-008		-0.001175598154
1.494983278		5.992998e-005		0.0002783174602		2.462642789e-005		0.0003743595095		7.037575165e-008		-0.001175730836
1.505016722		6.011918345e-005		0.0002820813726		1.304912251e-005		0.0003755538645		7.060549236e-008		-0.001175865772
1.515050167		6.01918353e-005		0.0002858536582		1.416207959e-006		0.000376026616		7.06990108e-008		-0.001176002857
1.525083612		6.014760234e-005		0.0002896270572		-1.022742312e-005		0.0003757752985		7.065583758e-008		-0.001176141984
1.535117057		5.998660273e-005		0.0002933942996		-2.183677254e-005		0.0003748002325		7.047602944e-008		-0.001176283046
1.545150502		5.970940624e-005		0.0002971481321		-3.336690892e-005		0.0003731045294		7.016017022e-008		-0.001176425932
1.555183946		5.931703265e-005		0.000300881347		-4.477314043e-005		0.000370694086		6.970936973e-008		-0.001176570532
1.565217391		5.881094857e-005		0.0003045868095		-5.601118712e-005		0.0003675775678		6.91252607e-008		-0.001176716732
1.575250836		5.819306234e-005		0.0003082574855		-6.70373523e-005		0.0003637663819		6.840999361e-008		-0.001176864418
1.585284281		5.746571742e-005		0.0003118864693		-7.780869217e-005		0.0003592746395		6.75662296e-008		-0.001177013474
1.595317726		5.663168391e-005		0.00031546701		-8.828318325e-005		0.0003541191075		6.659713137e-008		-0.001177163784
1.605351171		5.569414852e-005		0.0003189925383		-9.84198868e-005		0.0003483191499		6.550635214e-008		-0.001177315229
1.615384615		5.46567029e-005		0.000322456692		-0.0001081791095		0.0003418966591		6.429802263e-008		-0.001177467691
1.62541806		5.352333027e-005		0.0003258533409		-0.0001175225603		0.0003348759774		6.297673621e-008		-0.001177621049
1.635451505		5.229839065e-005		0.0003291766113		-0.0001264135016		0.0003272838081		6.15475322e-008		-0.001177775181
1.64548495		5.098660449e-005		0.0003324209089		-0.0001348168961		0.0003191491176		6.001587737e-008		-0.001177929967
1.655518395		4.959303488e-005		0.0003355809414		-0.0001426995463		0.0003105030288		5.838764571e-008		-0.001178085283
1.665551839		4.812306844e-005		0.0003386517389		-0.0001500302285		0.0003013787048		5.666909659e-008		-0.001178241006
1.675585284		4.658239484e-005		0.0003416286746		-0.0001567798188		0.000291811225		5.48668513e-008		-0.001178397012
1.685618729		4.497698512e-005		0.0003445074826		-0.0001629214118		0.0002818374528		5.298786811e-008		-0.001178553176
1.695652174		4.331306885e-005		0.0003472842756		-0.000168430431		0.0002714958966		5.103941597e-008		-0.001178709375
1.705685619		4.159711025e-005		0.0003499555608		-0.0001732847301		0.0002608265629		4.90290468e-008		-0.001178865483
1.715719064		3.98357833e-005		0.0003525182535		-0.000177464686		0.0002498708039		4.696456671e-008		-0.001179021374
1.725752508		3.803594598e-005		0.0003549696906		-0.0001809532814		0.0002386711585		4.485400598e-008		-0.001179176925
1.735785953		3.620461377e-005		0.0003573076413		-0.0001837361777		0.000227271189		4.270558818e-008		-0.001179332008
1.745819398		3.434893238e-005		0.0003595303165		-0.0001858017781		0.0002157153122		4.052769832e-008		-0.0011794865
1.755852843		3.247615e-005		0.0003616363766		-0.0001871412795		0.0002040486269		3.832885032e-008		-0.001179640276
1.765886288		3.059358898e-005		0.0003636249378		-0.0001877487138		0.000192316739		3.611765381e-008		-0.001179793211
1.775919732		2.870861728e-005		0.0003654955754		-0.0001876209782		0.0001805655822		3.390278047e-008		-0.001179945182
1.785953177		2.682861952e-005		0.0003672483274		-0.0001867578544		0.0001688412384		3.169292998e-008		-0.001180096064
1.795986622		2.496096803e-005		0.0003688836939		-0.0001851620159		0.000157189756		2.949679576e-008		-0.001180245735
1.806020067		2.311299378e-005		0.0003704026368		-0.0001828390246		0.000145656968		2.732303061e-008		-0.001180394073
1.816053512		2.12919575e-005		0.0003718065762		-0.0001797973151		0.0001342883102		2.518021239e-008		-0.001180540956
1.826086957		1.95050209e-005		0.0003730973855		-0.0001760481684		0.0001231286408		2.307680988e-008		-0.001180686265
1.836120401		1.775921834e-005		0.0003742773851		-0.0001716056731		0.0001122220608		2.102114898e-008		-0.001180829879
1.846153846		1.60614288e-005		0.0003753493333		-0.0001664866763		0.0001016117378		1.902137933e-008		-0.001180971682
1.856187291		1.441834858e-005		0.0003763164166		-0.0001607107229		9.133973258e-005		1.70854416e-008		-0.001181111557
1.866220736		1.283646446e-005		0.0003771822376		-0.0001542999833		8.144682901e-005		1.52210354e-008		-0.001181249387
1.876254181		1.132202784e-005		0.0003779508011		-0.0001472791714		7.197236955e-005		1.343558816e-008		-0.001181385059
1.886287625		9.881029586e-006		0.0003786264992		-0.0001396754514		6.29540953e-005		1.173622492e-008		-0.001181518461
1.89632107		8.519175974e-006		0.000379214094		-0.0001315183347		5.442799218e-005		1.012973934e-008		-0.001181649481
1.906354515		7.241865679e-006		0.0003797186997		-0.0001228395668		4.642814377e-005		8.622565854e-009		-0.001181778012
1.91638796		6.054167944e-006		0.0003801457624		-0.0001136730055		3.898659135e-005		7.220753247e-009		-0.001181903946
1.926421405		4.960802023e-006		0.0003805010393		-0.0001040544894		3.213320173e-005		5.929939711e-009		-0.001182027178
1.936454849		3.966117989e-006		0.0003807905759		-9.402169836e-005		2.589554356e-005		4.755329469e-009		-0.001182147605
1.946488294		3.074078979e-006		0.0003810206823		-8.361400624e-005		2.029877254e-005		3.701671103e-009		-0.001182265126
1.956521739		2.288244954e-006		0.0003811979091		-7.287232629e-005		1.536552615e-005		2.773237667e-009		-0.001182379642
1.966555184		1.61175805e-006		0.0003813290207		-6.183894976e-005		1.111582822e-005		1.973808672e-009		-0.001182491058
1.976588629		1.047329574e-006		0.0003814209692		-5.055737857e-005		7.567004001e-006		1.306654039e-009		-0.00118259928
1.986622074		5.972287142e-007		0.0003814808669		-3.907215267e-005		4.733605867e-006		7.745200693e-010		-0.001182704216
1.996655518		2.632729992e-007		0.0003815159579		-2.742867266e-005		2.627350201e-006		3.796175265e-010		-0.001182805778
2.006688963		4.682056718e-008		0.0003815335896		-1.567301856e-005		1.257065659e-006		1.236118625e-010		-0.001182903879
2.016722408		-5.123573451e-008		0.0003815411833		-3.851765319e-006		6.286530992e-007		7.615650398e-012		-0.001182998437
2.026755853		-3.047238238e-008		0.0003815462047		7.988204092e-006		7.450573728e-007		3.218325755e-011		-0.001183089372
2.036789298		1.090626754e-007		0.0003815561343		1.979988723e-005		1.606251144e-006		1.973077885e-010		-0.001183176605
2.046822742		3.668497693e-007		0.0003815784372		3.153635162e-005		3.20923083e-006		5.024203181e-010		-0.001183260063
2.056856187		7.418991628e-007		0.0003816205336		4.315092436e-005		5.54802472e-006		9.463914256e-010		-0.001183339674
2.066889632		1.232754606e-006		0.0003816897688		5.459738087e-005		8.613713279e-006		1.527535027e-009		-0.001183415371
2.076923077		1.837498779e-006		0.000381793384		6.583013234e-005		1.239446157e-005		2.243614501e-009		-0.001183487088
2.086956522		2.553760606e-006		0.0003819384871		7.680441075e-005		1.687556371e-005		3.091851081e-009		-0.001183554764
2.096989967		3.378724413e-006		0.0003821320241		8.74764509e-005		2.203949917e-005		4.068934493e-009		-0.001183618341
2.107023411		4.309140892e-006		0.0003823807513		9.780366856e-005		2.786600076e-005		5.171035791e-009		-0.001183677763
2.117056856		5.341339835e-006		0.0003826912081		0.0001077448341		3.433213402e-005		6.39382235e-009		-0.00118373298
2.127090301		6.471244586e-006		0.0003830696904		0.0001172602407		4.141238761e-005		7.732474943e-009		-0.001183783944
2.137123746		7.694388143e-006		0.0003835222259		0.0001263118664		4.907877456e-005		9.181706857e-009		-0.001183830609
2.147157191		9.005930869e-006		0.0003840545488		0.0001348635301		5.730094373e-005		1.073578495e-008		-0.001183872937
2.157190635		1.040067972e-005		0.0003846720776		0.0001428810387		6.604630119e-005		1.238855256e-008		-0.001183910889
2.16722408		1.18731089e-005		0.0003853798926		0.0001503323279		7.528014095e-005		1.413345422e-008		-0.001183944432
2.177257525		1.341738195e-005		0.0003861827159		0.0001571875932		8.496578452e-005		1.5963562e-008		-0.001183973537
2.18729097		1.502737499e-005		0.0003870848917		0.000163419412		9.506472875e-005		1.787160343e-008		-0.001183998177
2.197324415		1.669670125e-005		0.0003880903693		0.0001690028558		0.0001055368012		1.984999084e-008		-0.001184018331
2.20735786		1.841873664e-005		0.000389202687		0.0001739155929		0.0001163403228		2.189085208e-008		-0.001184033981
2.217391304		2.018664626e-005		0.0003904249577		0.0001781379792		0.0001274322763		2.398606234e-008		-0.001184045111
2.227424749		2.199341181e-005		0.0003917598564		0.0001816531393		0.0001387684806		2.612727712e-008		-0.001184051712
2.237458194		2.383185976e-005		0.0003932096095		0.0001844470349		0.0001503037705		2.830596605e-008		-0.001184053776
2.247491639		2.56946901e-005		0.0003947759856		0.0001865085224		0.0001619921791		3.051344751e-008		-0.0011840513
2.257525084		2.757450569e-005		0.0003964602887		0.0001878293982		0.0001737871253		3.274092388e-008		-0.001184044286
2.267558528		2.946384191e-005		0.0003982633527		0.0001884044321		0.0001856416023		3.497951727e-008		-0.001184032738
2.277591973		3.135519664e-005		0.0004001855382		0.0001882313878		0.000197508369		3.722030558e-008		-0.001184016664
2.287625418		3.324106039e-005		0.0004022267313		0.0001873110317		0.0002093401414		3.94543587e-008		-0.001183996078
2.297658863		3.511394644e-005		0.0004043863437		0.0001856471294		0.0002210897849		4.167277483e-008		-0.001183970994
2.307692308		3.696642085e-005		0.0004066633156		0.0001832464289		0.0002327105055		4.386671653e-008		-0.001183941435
2.317725753		3.87911323e-005		0.0004090561198		0.0001801186322		0.0002441560393		4.60274466e-008		-0.001183907422
2.327759197		4.058084156e-005		0.0004115627679		0.000176276355		0.0002553808404		4.81463635e-008		-0.001183868984
2.337792642		4.232845046e-005		0.0004141808189		0.0001717350737		0.0002663402648		5.021503611e-008		-0.001183826153
2.347826087		4.402703033e-005		0.0004169073886		0.0001665130609		0.0002769907513		5.222523788e-008		-0.001183778963
2.357859532		4.566984968e-005		0.0004197391617		0.0001606313098		0.000287289997		5.416898004e-008		-0.001183727453
2.367892977		4.72504011e-005		0.0004226724053		0.0001541134469		0.0002971971282		5.603854377e-008		-0.001183671665
2.377926421		4.876242721e-005		0.0004257029837		0.0001469856342		0.0003066728646		5.782651128e-008		-0.001183611646
2.387959866		5.01999456e-005		0.0004288263758		0.0001392764615		0.000315679677		5.95257956e-008		-0.001183547445
2.397993311		5.155727259e-005		0.0004320376929		0.000131016828		0.0003241819377		6.112966898e-008		-0.001183479115
2.408026756		5.282904582e-005		0.000435331699		0.0001222398153		0.0003321460627		6.26317897e-008		-0.001183406712
2.418060201		5.401024547e-005		0.0004387028313		0.0001129805512		0.0003395406453		6.402622737e-008		-0.001183330297
2.428093645		5.509621408e-005		0.0004421452236		0.0001032760656		0.0003463365808		6.530748644e-008		-0.001183249932
2.43812709		5.608267488e-005		0.0004456527293		9.31651385e-005		0.0003525071811		6.647052787e-008		-0.001183165684
2.448160535		5.696574863e-005		0.0004492189463		8.268814169e-005		0.0003580282798		6.751078895e-008		-0.001183077623
2.45819398		5.77419687e-005		0.0004528372432		7.18868734e-005		0.000362878326		6.842420104e-008		-0.001182985821
2.468227425		5.840829458e-005		0.0004565007856		6.080438807e-005		0.0003670384683		6.920720541e-008		-0.001182890354
2.47826087		5.896212364e-005		0.0004602025637		4.948482106e-005		0.0003704926261		6.985676677e-008		-0.001182791301
2.488294314		5.940130102e-005		0.0004639354203		3.797320936e-005		0.0003732275512		7.037038481e-008		-0.001182688744
2.498327759		5.972412784e-005		0.0004676920797		2.631530901e-005		0.0003752328761		7.07461034e-008		-0.001182582767
2.508361204		5.992936743e-005		0.000471465177		1.455741002e-005		0.0003765011515		7.098251765e-008		-0.001182473458
2.518394649		6.001624978e-005		0.0004752472868		2.746149496e-006		0.0003770278715		7.107877862e-008		-0.001182360907
2.528428094		5.998447411e-005		0.0004790309537		-9.071676138e-006		0.0003768114866		7.103459587e-008		-0.001182245206
2.538461538		5.983420946e-005		0.0004828087213		-2.084929914e-005		0.0003758534048		7.085023759e-008		-0.00118212645
2.548494983		5.956609352e-005		0.0004865731625		-3.254016782e-005		0.000374157981		7.052652862e-008		-0.001182004737
2.558528428		5.91812295e-005		0.0004903169082		-4.40981326e-005		0.0003717324937		7.006484609e-008		-0.001181880166
2.568561873		5.868118116e-005		0.0004940326774		-5.547762987e-005		0.0003685871109		6.946711288e-008		-0.00118175284
2.578595318		5.806796603e-005		0.0004977133051		-6.663386299e-005		0.0003647348437		6.873578896e-008		-0.001181622863
2.588628763		5.734404679e-005		0.0005013517712		-7.752297977e-005		0.0003601914887		6.787386045e-008		-0.00118149034
2.598662207		5.651232095e-005		0.0005049412279		-8.810224548e-005		0.0003549755594		6.688482673e-008		-0.001181355381
2.608695652		5.557610875e-005		0.0005084750266		-9.833021097e-005		0.0003491082073		6.577268539e-008		-0.001181218094
2.618729097		5.453913946e-005		0.0005119467438		-0.000108166875		0.0003426131315		6.454191537e-008		-0.001181078592
2.628762542		5.340553601e-005		0.0005153502065		-0.0001175738406		0.0003355164796		6.319745803e-008		-0.001180936988
2.638795987		5.217979817e-005		0.000518679516		-0.0001265144636		0.0003278467382		6.174469663e-008		-0.001180793396
2.648829431		5.086678423e-005		0.0005219290708		-0.0001349539952		0.0003196346149		6.018943393e-008		-0.001180647933
2.658862876		4.947169125e-005		0.0005250935885		-0.0001428597149		0.0003109129114		5.85378683e-008		-0.001180500717
2.668896321		4.80000341e-005		0.0005281681259		-0.0001502010557		0.000301716389		5.679656826e-008		-0.001180351865
2.678929766		4.645762324e-005		0.000531148098		-0.0001569497207		0.0002920816265		5.497244568e-008		-0.001180201499
2.688963211		4.485054137e-005		0.0005340292957		-0.0001630797891		0.0002820468714		5.307272766e-008		-0.001180049739
2.698996656		4.318511911e-005		0.0005368079014		-0.0001685678136		0.0002716518851		5.110492724e-008		-0.001179896706
2.7090301		4.146790966e-005		0.0005394805041		-0.0001733929068		0.0002609377822		4.907681317e-008		-0.001179742524
2.719063545		3.970566278e-005		0.0005420441111		-0.0001775368176		0.0002499468656		4.699637863e-008		-0.001179587315
2.72909699		3.790529794e-005		0.0005444961602		-0.0001809839968		0.0002387224569		4.487180928e-008		-0.001179431204
2.739130435		3.607387689e-005		0.0005468345283		-0.0001837216517		0.0002273087239		4.271145063e-008		-0.001179274316
2.74916388		3.421857583e-005		0.0005490575393		-0.0001857397898		0.0002157505046		4.052377486e-008		-0.001179116773
2.759197324		3.234665703e-005		0.0005511639699		-0.0001870312509		0.0002040931302		3.831734731e-008		-0.001178958703
2.769230769		3.046544036e-005		0.0005531530536		-0.000187591729		0.0001923822461		3.610079269e-008		-0.00117880023
2.779264214		2.858227451e-005		0.0005550244832		-0.0001874197813		0.0001806636321		3.388276119e-008		-0.001178641479
2.789297659		2.670450829e-005		0.0005567784108		-0.0001865168274		0.0001689830237		3.16718946e-008		-0.001178482576
2.799331104		2.483946192e-005		0.0005584154469		-0.0001848871366		0.000157385933		2.94767926e-008		-0.001178323647
2.809364548		2.299439853e-005		0.0005599366569		-0.0001825378042		0.0001459174722		2.730597933e-008		-0.001178164814
2.819397993		2.117649595e-005		0.0005613435567		-0.0001794787169		0.0001346221784		2.516787037e-008		-0.001178006205
2.829431438		1.939281892e-005		0.0005626381053		-0.0001757225076		0.0001235438419		2.307074028e-008		-0.001177847942
2.839464883		1.765029178e-005		0.0005638226973		-0.0001712844994		0.0001127253379		2.102269076e-008		-0.00117769015
2.849498328		1.595567178e-005		0.0005649001522		-0.0001661826393		0.000102208462		1.903161966e-008		-0.001177532951
2.859531773		1.43155231e-005		0.0005658737032		-0.0001604374229		9.203377095e-005		1.710519083e-008		-0.001177376469
2.869565217		1.273619172e-005		0.0005667469838		-0.000154071808		8.224042841e-005		1.525080505e-008		-0.001177220824
2.879598662		1.122378113e-005		0.0005675240128		-0.0001471111203		7.286605684e-005		1.347557198e-008		-0.001177066137
2.889632107		9.784129106e-006		0.0005682091789		-0.0001395829495		6.394659581e-005		1.178628345e-008		-0.001176912528
2.899665552		8.422785492e-006		0.0005688072221		-0.0001315170374		5.551616721e-005		1.018938798e-008		-0.001176760116
2.909698997		7.144991231e-006		0.0005693232157		-0.0001229451585		4.760694806e-005		8.690966747e-009		-0.001176609019
2.919732441		5.955658567e-006		0.0005697625455		-0.000113900992		4.02490511e-005		7.296711043e-009		-0.001176459352
2.929765886		4.859352596e-006		0.0005701308889		-0.0001044199884		3.347041379e-005		6.011901288e-009		-0.00117631123
2.939799331		3.860274184e-006		0.0005704341926		-9.453922888e-005		2.729669594e-005		4.841387703e-009		-0.001176164768
2.949832776		2.962244324e-006		0.0005706786487		-8.429727911e-005		2.175118645e-005		3.789572689e-009		-0.001176020077
2.959866221		2.168689988e-006		0.0005708706712		-7.373403803e-005		1.685471934e-005		2.860394964e-009		-0.001175877268
2.969899666		1.482631521e-006		0.0005710168705		-6.289058197e-005		1.262559949e-005		2.057315531e-009		-0.001175736449
2.97993311		9.066716206e-007		0.0005711240278		-5.180900479e-005		9.079538145e-006		1.383305495e-009		-0.001175597728
2.989966555		4.429859398e-007		0.0005711990686		-4.053225471e-005		6.229598542e-006		8.408357851e-010		-0.00117546121
