time		x		y		vx		vy		KineticEnergy		PotentialEnergy
0		0.893031		0.450841		-2.912		5.59839		5.973261185e-005		-0.0001184352528
0.01003344482		0.8620166155		0.5061144918		-3.264609431		5.40793177		5.985510115e-005		-0.0001190536095
0.02006688963		0.827520439		0.559361556		-3.605278312		5.194834416		5.997650447e-005		-0.000119174046
0.03010033445		0.7896698935		0.6103586607		-3.932510793		4.959821643		6.00967078e-005		-0.0001192934236
0.04013377926		0.7486071789		0.6588897495		-4.244855682		4.703707571		6.021549702e-005		-0.0001194115343
0.05016722408		0.7044888431		0.7047474414		-4.540907804		4.42740651		6.033265814e-005		-0.0001195281701
0.0602006689		0.6574852832		0.7477340273		-4.819315311		4.131930755		6.044797774e-005		-0.0001196431227
0.07023411371		0.6077801746		0.7876624399		-5.078786946		3.818387812		6.05612435e-005		-0.0001197561847
0.08026755853		0.5555698261		0.8243571941		-5.318099211		3.487977049		6.067224467e-005		-0.0001198671496
0.09030100334		0.5010624647		0.8576552903		-5.536103377		3.141985758		6.078077265e-005		-0.0001199758127
0.1003344482		0.4444774506		0.8874070755		-5.731732305		2.781784644		6.088662152e-005		-0.0001200819709
0.110367893		0.3860444251		0.9134770558		-5.904007011		2.408822727		6.098958858e-005		-0.0001201854242
0.1204013378		0.3260023936		0.9357446553		-6.052042929		2.02462169		6.108947491e-005		-0.0001202859753
0.1304347826		0.2645987476		0.9541049157		-6.175055809		1.630769667		6.118608593e-005		-0.0001203834305
0.1404682274		0.2020882302		0.9684691302		-6.272367213		1.22891451		6.1279232e-005		-0.0001204776006
0.1505016722		0.138731847		0.9787654076		-6.343409544		0.8207565529		6.136872894e-005		-0.0001205683006
0.1605351171		0.07479573095		0.9849391614		-6.38773056		0.4080409017		6.145439863e-005		-0.0001206553511
0.1705685619		0.01054996286		0.9869535193		-6.404997334		-0.007450700043		6.153606955e-005		-0.0001207385782
0.1806020067		-0.05373264365		0.984789649		-6.394999599		-0.4239083975		6.16135773e-005		-0.0001208178145
0.1906354515		-0.1177777883		0.9784469963		-6.357652451		-0.8395030895		6.168676519e-005		-0.0001208928991
0.2006688963		-0.1813109537		0.9679434332		-6.292998367		-1.25239558		6.17554847e-005		-0.0001209636786
0.2107023411		-0.244058692		0.9533153124		-6.201208501		-1.66074596		6.181959602e-005		-0.0001210300074
0.220735786		-0.3057499203		0.9346174273		-6.082583238		-2.062723152		6.187896848e-005		-0.0001210917481
0.2307692308		-0.3661172185		0.9119228746		-5.937551983		-2.456514564		6.193348104e-005		-0.000121148772
0.2408026756		-0.4248981206		0.8853228207		-5.766672161		-2.840335774		6.198302268e-005		-0.0001212009597
0.2508361204		-0.4818363923		0.8549261701		-5.570627431		-3.212440177		6.20274928e-005		-0.0001212482012
0.2608695652		-0.5366832864		0.8208591382		-5.35022511		-3.571128531		6.206680157e-005		-0.0001212903965
0.27090301		-0.5891987691		0.783264728		-5.106392803		-3.91475832		6.210087024e-005		-0.000121327456
0.2809364548		-0.6391527072		0.742302115		-4.840174265		-4.241752865		6.212963142e-005		-0.0001213593006
0.2909698997		-0.6863260118		0.6981459414		-4.552724503		-4.550610122		6.215302932e-005		-0.0001213858623
0.3010033445		-0.7305117274		0.650985524		-4.24530416		-4.839911075		6.217101993e-005		-0.0001214070839
0.3110367893		-0.7715160619		0.60102398		-3.919273194		-5.108327686		6.218357117e-005		-0.0001214229199
0.3210702341		-0.80915935		0.5484772761		-3.57608392		-5.354630314		6.219066301e-005		-0.0001214333362
0.3311036789		-0.8432769432		0.4935732045		-3.217273434		-5.577694563		6.219228748e-005		-0.0001214383102
0.3411371237		-0.8737200209		0.4365502949		-2.844455501		-5.776507484		6.218844873e-005		-0.0001214378313
0.3511705686		-0.9003563178		0.3776566664		-2.459311942		-5.950173113		6.217916296e-005		-0.0001214319004
0.3612040134		-0.9230707622		0.3171488277		-2.063583594		-6.097917266		6.216445834e-005		-0.0001214205303
0.3712374582		-0.941766022		0.2552904336		-1.659060916		-6.219091585		6.214437489e-005		-0.0001214037456
0.381270903		-0.9563629545		0.1923510033		-1.247574303		-6.313176793		6.211896429e-005		-0.0001213815823
0.3913043478		-0.9668009579		0.1286046117		-0.830984177		-6.379785138		6.208828966e-005		-0.0001213540881
0.4013377926		-0.9730382223		0.06432855907		-0.4111709488		-6.418662009		6.20524253e-005		-0.0001213213219
0.4113712375		-0.9750518799		-0.0001979704534		0.009975095265		-6.429686729		6.201145641e-005		-0.0001212833537
0.4214046823		-0.9728380531		-0.06469525489		0.4305638932		-6.412872513		6.19654787e-005		-0.0001212402646
0.4314381271		-0.9664118018		-0.1288843754		0.8487156246		-6.368365607		6.191459807e-005		-0.0001211921458
0.4414715719		-0.9558069704		-0.1924885447		1.262570571		-6.296443626		6.185893017e-005		-0.0001211390993
0.4515050167		-0.9410759375		-0.2552344147		1.670298751		-6.197513108		6.179859997e-005		-0.0001210812365
0.4615384615		-0.9222892697		-0.3168533562		2.070109261		-6.07210632		6.173374127e-005		-0.0001210186785
0.4715719064		-0.8995352834		-0.3770827021		2.460259264		-5.920877345		6.166449628e-005		-0.0001209515557
0.4816053512		-0.8729195186		-0.4356669484		2.83906256		-5.744597502		6.159101502e-005		-0.0001208800068
0.491638796		-0.8425641284		-0.4923589061		3.204897698		-5.54415013		6.151345487e-005		-0.0001208041788
0.5016722408		-0.8086071902		-0.5469207972		3.556215562		-5.320524805		6.143197999e-005		-0.0001207242266
0.5117056856		-0.7712019432		-0.5991252902		3.891546421		-5.074811027		6.134676077e-005		-0.000120640312
0.5217391304		-0.7305159577		-0.64875647		4.209506367		-4.808191448		6.125797329e-005		-0.0001205526037
0.5317725753		-0.6867302435		-0.6956107373		4.50880315		-4.521934687		6.116579874e-005		-0.0001204612766
0.5418060201		-0.6400383025		-0.7394976343		4.788241363		-4.217387805		6.107042287e-005		-0.0001203665111
0.5518394649		-0.5906451325		-0.7802405929		5.046726968		-3.895968498		6.097203544e-005		-0.0001202684929
0.5618729097		-0.5387661894		-0.8176776041		5.283271157		-3.559157056		6.087082961e-005		-0.0001201674122
0.5719063545		-0.4846263133		-0.8516618048		5.496993535		-3.208488177		6.076700146e-005		-0.0001200634632
0.5819397993		-0.4284586268		-0.8820619822		5.68712463		-2.845542662		6.06607494e-005		-0.0001199568436
0.5919732441		-0.370503411		-0.9087629953		5.853007745		-2.471939077		6.055227369e-005		-0.0001198477542
0.602006689		-0.3110069664		-0.9316661109		5.994100143		-2.089325421		6.044177587e-005		-0.0001197363983
0.6120401338		-0.250220465		-0.9506892579		6.109973613		-1.69937086		6.032945831e-005		-0.0001196229809
0.6220735786		-0.1883988003		-0.9657671984		6.200314402		-1.30375757		6.021552373e-005		-0.0001195077089
0.6321070234		-0.1257994402		-0.9768516172		6.264922568		-0.9041727451		6.01001747e-005		-0.0001193907897
0.6421404682		-0.06268129053		-0.9839111331		6.303710765		-0.5023008056		5.998361326e-005		-0.0001192724315
0.652173913		0.0006964279674		-0.986931232		6.316702497		-0.09981584561		5.986604046e-005		-0.0001191528425
0.6622073579		0.06407528132		-0.9859141266		6.304029872		0.3016256415		5.974765598e-005		-0.0001190322305
0.6722408027		0.1271986996		-0.9808785436		6.265930891		0.7003917321		5.962865777e-005		-0.0001189108026
0.6822742475		0.189813025		-0.971859443		6.202746313		1.094881709		5.950924167e-005		-0.0001187887646
0.6923076923		0.2516685253		-0.9589076731		6.114916126		1.483532342		5.938960115e-005		-0.0001186663207
0.7023411371		0.312520372		-0.9420895633		6.002975665		1.864823793		5.926992692e-005		-0.0001185436733
0.7123745819		0.3721295755		-0.9214864599		5.867551424		2.237285137		5.915040675e-005		-0.0001184210224
0.7224080268		0.4302638788		-0.8971942093		5.709356579		2.599499479		5.903122513e-005		-0.0001182985655
0.7324414716		0.4866986038		-0.8693225908		5.529186282		2.950108664		5.891256311e-005		-0.0001181764973
0.7424749164		0.5412174497		-0.8379947044		5.327912747		3.287817581		5.879459803e-005		-0.0001180550092
0.7525083612		0.5936132409		-0.8033463182		5.106480173		3.611398045		5.86775034e-005		-0.0001179342893
0.762541806		0.6436886237		-0.7655251784		4.865899526		3.919692282		5.856144867e-005		-0.000117814522
0.7725752508		0.6912567096		-0.7246902858		4.607243228		4.211615991		5.844659914e-005		-0.0001176958878
0.7826086957		0.7361416651		-0.6810111451		4.331639771		4.486161026		5.833311578e-005		-0.0001175785634
0.7926421405		0.7781792468		-0.6346669876		4.040268285		4.742397667		5.822115517e-005		-0.000117462721
0.8026755853		0.8172172828		-0.5858459745		3.734353103		4.979476529		5.811086941e-005		-0.0001173485286
0.8127090301		0.8531160984		-0.5347443817		3.415158323		5.196630089		5.800240598e-005		-0.0001172361495
0.8227424749		0.885748888		-0.4815657721		3.083982406		5.393173868		5.789590778e-005		-0.0001171257426
0.8327759197		0.915002033		-0.4265201569		2.742152836		5.568507265		5.7791513e-005		-0.0001170174619
0.8428093645		0.9407753663		-0.3698231514		2.391020838		5.722114071		5.768935513e-005		-0.0001169114565
0.8528428094		0.9629823842		-0.3116951254		2.031956194		5.853562675		5.758956295e-005		-0.0001168078707
0.8628762542		0.981550407		-0.2523603552		1.666342165		5.96250597		5.749226048e-005		-0.0001167068437
0.872909699		0.9964206886		-0.1920461762		1.295570518		6.048680991		5.739756704e-005		-0.0001166085097
0.8829431438		1.007548478		-0.1309821413		0.9210366921		6.111908284		5.730559718e-005		-0.0001165129978
0.8929765886		1.01490303		-0.06939918721		0.5441350991		6.152091042		5.721646079e-005		-0.0001164204319
0.9030100334		1.018467577		-0.007528809405		0.1662545647		6.169214006		5.713026305e-005		-0.0001163309309
0.9130434783		1.018239242		0.05439774937		-0.211226074		6.163342157		5.704710449e-005		-0.0001162446083
0.9230769231		1.014228926		0.1161502974		-0.5869422166		6.134619211		5.696708104e-005		-0.0001161615726
0.9331103679		1.006461138		0.177500476		-0.9595475864		6.083265936		5.689028403e-005		-0.000116081927
0.9431438127		0.9949737907		0.2382225236		-1.327718156		6.0095783		5.681680027e-005		-0.0001160057696
0.9531772575		0.9798179638		0.2980940205		-1.690155906		5.913925464		5.674671207e-005		-0.0001159331932
0.9632107023		0.9610576187		0.3568966131		-2.045592424		5.796747637		5.668009731e-005		-0.0001158642855
0.9732441472		0.9387692864		0.4144167156		-2.392792333		5.658553803		5.661702943e-005		-0.000115799129
0.983277592		0.913041719		0.4704461878		-2.730556558		5.499919326		5.655757757e-005		-0.0001157378011
0.9933110368		0.8839755093		0.5247829897		-3.057725437		5.321483456		5.650180652e-005		-0.0001156803741
1.003344482		0.8516826802		0.577231809		-3.373181656		5.123946728		5.644977682e-005		-0.0001156269152
1.013377926		0.8162862453		0.6276046631		-3.675853045		4.908068282		5.640154481e-005		-0.0001155774865
1.023411371		0.7779197428		0.6757214735		-3.964715207		4.674663097		5.635716262e-005		-0.0001155321449
1.033444816		0.7367267429		0.7214106116		-4.238793993		4.424599151		5.631667825e-005		-0.0001154909426
1.043478261		0.6928603316		0.7645094163		-4.497167839		4.158794516		5.62801356e-005		-0.0001154539264
1.053511706		0.6464825722		0.8048646821		-4.738969942		3.878214394		5.624757449e-005		-0.0001154211385
1.063545151		0.5977639448		0.8423331165		-4.963390304		3.58386809		5.621903069e-005		-0.0001153926159
1.073578595		0.5468827668		0.8767817675		-5.169677629		3.276805941		5.619453595e-005		-0.0001153683907
1.08361204		0.4940245944		0.9080884197		-5.357141085		2.958116192		5.617411801e-005		-0.0001153484901
1.093645485		0.4393816079		0.9361419587		-5.525151923		2.628921826		5.615780061e-005		-0.0001153329363
1.10367893		0.3831519805		0.9608427038		-5.673144975		2.290377357		5.614560352e-005		-0.0001153217466
1.113712375		0.3255392338		0.9821027083		-5.800620007		1.943665578		5.613754252e-005		-0.0001153149336
1.123745819		0.2667515791		0.9998460265		-5.907142949		1.589994273		5.613362941e-005		-0.0001153125049
1.133779264		0.2070012482		1.014008948		-5.992346992		1.230592891		5.613387201e-005		-0.000115314463
1.143812709		0.1465038133		1.024540198		-6.055933558		0.8667091864		5.613827412e-005		-0.0001153208059
1.153846154		0.08547749785		1.031401106		-6.097673139		0.499605824		5.614683553e-005		-0.0001153315264
1.163879599		0.02414247943		1.034565733		-6.117406004		0.1305569504		5.6159552e-005		-0.0001153466126
1.173913043		-0.03727981327		1.034020977		-6.115042782		-0.2391552671		5.61764152e-005		-0.0001153660477
1.183946488		-0.09856740917		1.029766631		-6.090564907		-0.608244133		5.619741271e-005		-0.0001153898098
1.193979933		-0.1594985071		1.02181541		-6.044024929		-0.9754219475		5.622252797e-005		-0.0001154178724
1.204013378		-0.2198521903		1.010192946		-5.97554669		-1.33940356		5.625174021e-005		-0.0001154502039
1.214046823		-0.279409143		0.9949377461		-5.885325362		-1.698909949		5.628502445e-005		-0.0001154867676
1.224080268		-0.3379523648		0.9761011078		-5.773627336		-2.052671835		5.632235142e-005		-0.0001155275222
1.234113712		-0.3952678855		0.953747007		-5.640789967		-2.39943331		5.636368749e-005		-0.0001155724211
1.244147157		-0.4511454745		0.9279519444		-5.487221166		-2.737955498		5.640899465e-005		-0.0001156214128
1.254180602		-0.505379347		0.8988047562		-5.313398836		-3.067020226		5.645823038e-005		-0.0001156744408
1.264214047		-0.5577688626		0.866406388		-5.119870144		-3.385433723		5.651134767e-005		-0.0001157314435
1.274247492		-0.6081192161		0.8308696313		-4.907250625		-3.69203032		5.656829487e-005		-0.0001157923543
1.284280936		-0.6562421192		0.792318823		-4.676223114		-3.985676167		5.662901567e-005		-0.0001158571015
1.294314381		-0.7019564693		0.7508895076		-4.427536492		-4.265272943		5.669344901e-005		-0.0001159256082
1.304347826		-0.7450890054		0.7067280616		-4.162004255		-4.529761573		5.676152899e-005		-0.0001159977923
1.314381271		-0.7854749493		0.659991282		-3.880502877		-4.778125919		5.683318482e-005		-0.0001160735669
1.324414716		-0.8229586283		0.6108459362		-3.583969987		-5.009396467		5.690834074e-005		-0.0001161528394
1.334448161		-0.8573940795		0.559468276		-3.273402327		-5.222653971		5.698691595e-005		-0.0001162355125
1.344481605		-0.8886456316		0.5060435154		-2.94985351		-5.41703307		5.706882451e-005		-0.0001163214834
1.35451505		-0.9165884643		0.4507652713		-2.614431548		-5.591725843		5.715397534e-005		-0.0001164106442
1.364548495		-0.9411091409		0.39383497		-2.268296168		-5.745985313		5.724227209e-005		-0.0001165028819
1.37458194		-0.9621061131		0.3354612182		-1.912655891		-5.879128862		5.73336131e-005		-0.0001165980783
1.384615385		-0.9794901956		0.27585914		-1.54876488		-5.990541568		5.742789139e-005		-0.0001166961098
1.394648829		-0.9931850071		0.2152496817		-1.177919556		-6.079679423		5.752499455e-005		-0.000116796848
1.404682274		-1.003127377		0.153858884		-0.8014549738		-6.146072439		5.762480476e-005		-0.0001169001592
1.414715719		-1.009267716		0.09191712438		-0.4207409521		-6.189327604		5.772719871e-005		-0.0001170059046
1.424749164		-1.01157034		0.02965833008		-0.03717797328		-6.209131681		5.783204765e-005		-0.0001171139406
1.434782609		-1.010013762		-0.03268083578		0.3478071626		-6.205253827		5.793921732e-005		-0.0001172241185
1.444816054		-1.004590932		-0.09486181361		0.7327659165		-6.177548012		5.8048568e-005		-0.0001173362848
1.454849498		-0.9953094291		-0.1566450099		1.116232821		-6.125955215		5.815995451e-005		-0.0001174502812
1.464882943		-0.9821916108		-0.2177906808		1.496730514		-6.050505373		5.827322625e-005		-0.0001175659448
1.474916388		-0.965274703		-0.2780598335		1.872774994		-5.95131907		5.838822728e-005		-0.0001176831081
1.484949833		-0.9446108417		-0.3372151437		2.24288107		-5.828608931		5.850479635e-005		-0.0001178015992
1.494983278		-0.9202670561		-0.3950218856		2.605568018		-5.682680705		5.862276704e-005		-0.000117921242
1.505016722		-0.8923251958		-0.4512488703		2.959365402		-5.513934014		5.874196784e-005		-0.0001180418565
1.515050167		-0.8608817972		-0.5056693909		3.302819061		-5.322862741		5.886222227e-005		-0.0001181632585
1.525083612		-0.8260478903		-0.5580621694		3.634497237		-5.110055045		5.898334909e-005		-0.0001182852603
1.535117057		-0.7879487423		-0.6082123015		3.952996809		-4.876192966		5.910516242e-005		-0.0001184076709
1.545150502		-0.7467235396		-0.6559121955		4.256949633		-4.622051618		5.922747201e-005		-0.0001185302959
1.555183946		-0.7025250039		-0.7009625012		4.545028926		-4.348497937		5.935008338e-005		-0.0001186529382
1.565217391		-0.6555189457		-0.7431730237		4.8159557		-4.056488977		5.947279819e-005		-0.0001187753979
1.575250836		-0.6058837524		-0.7823636178		5.068505177		-3.747069729		5.959541442e-005		-0.000118897473
1.585284281		-0.5538098117		-0.8183650584		5.301513177		-3.421370466		5.971772674e-005		-0.0001190189593
1.595317726		-0.4994988726		-0.8510198813		5.513882427		-3.080603591		5.983952685e-005		-0.0001191396512
1.605351171		-0.4431633416		-0.8801831906		5.704588753		-2.726059982		5.99606038e-005		-0.0001192593418
1.615384615		-0.3850255197		-0.9057234261		5.872687116		-2.359104843		6.008074443e-005		-0.0001193778233
1.62541806		-0.3253167774		-0.9275230871		6.017317443		-1.981173046		6.019973377e-005		-0.0001194948875
1.635451505		-0.2642766746		-0.945479407		6.137710216		-1.593763984		6.03173555e-005		-0.0001196103264
1.64548495		-0.2021520239		-0.9595049731		6.233191766		-1.198435928		6.043339239e-005		-0.0001197239321
1.655518395		-0.1391959034		-0.9695282885		6.30318923		-0.7967999154		6.054762686e-005		-0.000119835498
1.665551839		-0.07566662133		-0.9754942691		6.347235126		-0.3905131748		6.065984142e-005		-0.0001199448187
1.675585284		-0.01182663669		-0.9773646733		6.364971495		0.01872787579		6.07698193e-005		-0.0001200516908
1.685618729		0.05205855917		-0.9751184589		6.356153573		0.4291950444		6.087734495e-005		-0.0001201559132
1.695652174		0.1157215955		-0.9687520637		6.320652943		0.8391361525		6.098220466e-005		-0.0001202572878
1.705685619		0.1788944042		-0.9582796063		6.258460129		1.24678316		6.108418715e-005		-0.0001203556201
1.715719064		0.2413094242		-0.9437330036		6.169686596		1.65036059		6.118308416e-005		-0.0001204507193
1.725752508		0.3027008242		-0.9251620025		6.054566121		2.048094194		6.127869111e-005		-0.0001205423995
1.735785953		0.3628057343		-0.9026341234		5.913455494		2.43821983		6.137080772e-005		-0.0001206304794
1.745819398		0.4213654829		-0.8762345143		5.746834537		2.818992473		6.145923864e-005		-0.0001207147838
1.755852843		0.4781268287		-0.8460657126		5.555305412		3.188695319		6.154379409e-005		-0.0001207951432
1.765886288		0.5328431835		-0.8122473172		5.339591195		3.54564891		6.162429049e-005		-0.000120871395
1.775919732		0.5852758159		-0.7749155673		5.10053372		3.888220224		6.170055111e-005		-0.0001209433837
1.785953177		0.6351950307		-0.7342228311		4.839090669		4.214831662		6.177240667e-005		-0.0001210109614
1.795986622		0.6823813143		-0.6903370055		4.556331936		4.523969858		6.183969598e-005		-0.0001210739884
1.806020067		0.7266264408		-0.6434408273		4.25343524		4.814194254		6.190226648e-005		-0.0001211323335
1.816053512		0.7677345298		-0.5937311007		3.931681034		5.084145371		6.195997485e-005		-0.0001211858748
1.826086957		0.8055230502		-0.5414178432		3.592446712		5.332552702		6.201268755e-005		-0.0001212344996
1.836120401		0.8398237615		-0.4867233542		3.237200153		5.558242172		6.206028131e-005		-0.0001212781051
1.846153846		0.8704835884		-0.429881211		2.867492629		5.760143093		6.210264363e-005		-0.0001213165988
1.856187291		0.8973654196		-0.3711351985		2.484951129		5.937294563		6.213967327e-005		-0.0001213498987
1.866220736		0.9203488284		-0.3107381763		2.091270147		6.08885125		6.217128056e-005		-0.0001213779335
1.876254181		0.9393307068		-0.2489508925		1.688202971		6.214088508		6.219738788e-005		-0.0001214006431
1.886287625		0.9542258111		-0.1860407481		1.277552564		6.312406782		6.22179299e-005		-0.0001214179789
1.89632107		0.9649672131		-0.1222805223		0.861162066		6.38333527		6.22328539e-005		-0.0001214299033
1.906354515		0.9715066553		-0.05794706374		0.440905018		6.426534791		6.224211997e-005		-0.0001214363907
1.91638796		0.9738148055		0.006680042102		0.01867535068		6.441799855		6.224570121e-005		-0.0001214374271
1.926421405		0.9718814115		0.07131982298		-0.4036227658		6.429059902		6.224358384e-005		-0.0001214330102
1.936454849		0.965715352		0.1356912776		-0.824085149		6.388379699		6.223576728e-005		-0.0001214231496
1.946488294		0.9553445857		0.1995147333		-1.240817826		6.319958904		6.222226413e-005		-0.0001214078665
1.956521739		0.9408159976		0.2625131954		-1.651947174		6.224130783		6.220310021e-005		-0.0001213871938
1.966555184		0.9221951441		0.3244136788		-2.05562991		6.101360116		6.217831439e-005		-0.0001213611759
1.976588629		0.8995658991		0.3849485155		-2.450062844		5.952240283		6.214795849e-005		-0.0001213298687
1.986622074		0.8730300034		0.4438566276		-2.83349234		5.777489583		6.211209708e-005		-0.0001212933391
1.996655518		0.842706521		0.5008847613		-3.204223403		5.577946803		6.207080724e-005		-0.0001212516651
2.006688963		0.808731206		0.5557886705		-3.560628342		5.354566085		6.202417823e-005		-0.0001212049352
2.016722408		0.7712557851		0.6083342479		-3.901154934		5.108411134		6.19723112e-005		-0.0001211532483
2.026755853		0.7304471605		0.6582985929		-4.224334059		4.840648816		6.19153188e-005		-0.0001210967134
2.036789298		0.6864865397		0.7054710135		-4.528786729		4.552542211		6.185332473e-005		-0.0001210354488
2.046822742		0.6395684971		0.749653955		-4.813230501		4.245443164		6.178646328e-005		-0.0001209695824
2.056856187		0.5898999745		0.7906638529		-5.076485215		3.920784417		6.171487887e-005		-0.0001208992505
2.066889632		0.5376992285		0.8283319032		-5.317478036		3.580071368		6.16387255e-005		-0.0001208245981
2.076923077		0.4831947296		0.8625047499		-5.535247794		3.224873536		6.15581662e-005		-0.0001207457777
2.086956522		0.426624022		0.8930450845		-5.72894858		2.856815792		6.147337245e-005		-0.0001206629494
2.096989967		0.3682325508		0.9198321571		-5.897852614		2.477569427		6.138452359e-005		-0.00012057628
2.107023411		0.3082724645		0.9427621968		-6.041352378		2.088843123		6.129180622e-005		-0.0001204859426
2.117056856		0.2470013994		0.9617487415		-6.158962005		1.692373889		6.119541355e-005		-0.0001203921162
2.127090301		0.1846812537		0.9767228768		-6.250317965		1.289918026		6.109554477e-005		-0.000120294985
2.137123746		0.1215769586		0.9876333842		-6.315179032		0.8832421864		6.099240446e-005		-0.0001201947381
2.147157191		0.05795525304		0.9944468003		-6.353425581		0.474114576		6.088620187e-005		-0.0001200915686
2.157190635		-0.00591653131		0.997147389		-6.365058226		0.06429635714		6.077715036e-005		-0.0001199856733
2.16722408		-0.06977166788		0.9957370282		-6.350195838		-0.3444666962		6.066546674e-005		-0.0001198772521
2.177257525		-0.1333452103		0.9902350139		-6.309072977		-0.75045225		6.055137061e-005		-0.0001197665076
2.18729097		-0.196375139		0.9806777857		-6.242036769		-1.151969125		6.043508384e-005		-0.0001196536446
2.197324415		-0.2586034733		0.9671185766		-6.149543283		-1.547364639		6.031682987e-005		-0.0001195388693
2.20735786		-0.3197773453		0.9496269903		-6.032153433		-1.935031549		6.01968332e-005		-0.000119422389
2.217391304		-0.3796500304		0.9282885121		-5.890528466		-2.313414559		6.007531879e-005		-0.0001193044118
2.227424749		-0.4379819299		0.9032039557		-5.725425067		-2.68101638		5.995251155e-005		-0.000119185146
2.237458194		-0.4945415034		0.8744888522		-5.537690137		-3.036403321		5.982863577e-005		-0.0001190647995
2.247491639		-0.5491061467		0.8422727853		-5.32825528		-3.378210394		5.970391469e-005		-0.0001189435795
2.257525084		-0.601463014		0.8066986771		-5.09813105		-3.70514594		5.957856997e-005		-0.0001188216922
2.267558528		-0.6514097798		0.7679220307		-4.848401004		-4.01599575		5.945282124e-005		-0.0001186993424
2.277591973		-0.6987553418		0.7261101336		-4.580215593		-4.309626699		5.932688575e-005		-0.000118576733
2.287625418		-0.7433204606		0.6814412274		-4.294785944		-4.584989888		5.920097786e-005		-0.0001184540647
2.297658863		-0.7849383374		0.6341036476		-3.993377564		-4.841123303		5.90753088e-005		-0.0001183315357
2.307692308		-0.8234551275		0.5842949404		-3.67730401		-5.077153995		5.895008621e-005		-0.0001182093414
2.317725753		-0.8587303911		0.5322209587		-3.347920552		-5.292299807		5.88255139e-005		-0.0001180876743
2.327759197		-0.8906374797		0.4780949442		-3.006617867		-5.485870642		5.870179154e-005		-0.0001179667233
2.337792642		-0.91906386		0.422136598		-2.654815795		-5.657269308		5.857911439e-005		-0.0001178466739
2.347826087		-0.9439113752		0.3645711454		-2.293957179		-5.805991947		5.845767304e-005		-0.0001177277077
2.357859532		-0.9650964455		0.3056283984		-1.92550182		-5.931628072		5.833765326e-005		-0.0001176100025
2.367892977		-0.9825502078		0.2455418196		-1.550920564		-6.033860227		5.821923576e-005		-0.0001174937317
2.377926421		-0.9962185973		0.1845475912		-1.171689547		-6.112463301		5.8102596e-005		-0.0001173790645
2.387959866		-1.006062373		0.1228836931		-0.7892846052		-6.167303508		5.798790412e-005		-0.0001172661655
2.397993311		-1.012057084		0.06078899236		-0.4051758812		-6.198337063		5.787532476e-005		-0.0001171551949
2.408026756		-1.014192992		-0.001497652623		-0.02082262065		-6.205608569		5.776501695e-005		-0.000117046308
2.418060201		-1.01247493		-0.06373826991		0.3623318171		-6.189249149		5.765713406e-005		-0.0001169396553
2.428093645		-1.00692212		-0.1256966322		0.7428647313		-6.149474324		5.755182371e-005		-0.0001168353823
2.43812709		-0.997567945		-0.1871390925		1.119378628		-6.086581686		5.74492277e-005		-0.0001167336299
2.448160535		-0.9844596723		-0.2478353951		1.490505542		-6.000948362		5.734948203e-005		-0.0001166345334
2.45819398		-0.9676581348		-0.3075594609		1.85491112		-5.893028304		5.725271679e-005		-0.0001165382235
2.468227425		-0.9472373756		-0.3660901437		2.211298483		-5.763349417		5.715905622e-005		-0.0001164448256
2.47826087		-0.9232842522		-0.4232119576		2.558411843		-5.612510546		5.706861868e-005		-0.0001163544598
2.488294314		-0.8958980075		-0.4787157734		2.895039897		-5.441178344		5.698151666e-005		-0.0001162672412
2.498327759		-0.8651898061		-0.5323994829		3.220018988		-5.250084024		5.689785681e-005		-0.0001161832797
2.508361204		-0.8312822418		-0.5840686301		3.532236044		-5.040020023		5.681773995e-005		-0.0001161026799
2.518394649		-0.7943088153		-0.6335370084		3.830631284		-4.811836592		5.674126113e-005		-0.0001160255414
2.528428094		-0.7544133866		-0.6806272239		4.114200724		-4.566438308		5.666850963e-005		-0.0001159519584
2.538461538		-0.7117496034		-0.725171222		4.381998455		-4.304780549		5.659956906e-005		-0.00011588202
2.548494983		-0.6664803073		-0.76701078		4.633138722		-4.027865914		5.653451735e-005		-0.0001158158103
2.558528428		-0.6187769201		-0.8059979627		4.866797801		-3.736740612		5.647342686e-005		-0.000115753408
2.568561873		-0.5688188129		-0.8419955415		5.08221568		-3.432490838		5.641636437e-005		-0.0001156948869
2.578595318		-0.5167926589		-0.8748773775		5.278697557		-3.116239118		5.636339121e-005		-0.0001156403154
2.588628763		-0.4628917717		-0.904528768		5.455615142		-2.789140655		5.631456326e-005		-0.0001155897572
2.598662207		-0.407315432		-0.9308467552		5.6124078		-2.452379671		5.626993105e-005		-0.0001155432707
2.608695652		-0.3502682038		-0.9537404001		5.748583509		-2.107165746		5.622953977e-005		-0.0001155009092
2.618729097		-0.2919592412		-0.9731310177		5.863719661		-1.754730176		5.619342937e-005		-0.0001154627212
2.628762542		-0.2326015885		-0.9889523769		5.957463697		-1.396322326		5.616163461e-005		-0.0001154287501
2.638795987		-0.1724114747		-1.001150864		6.029533596		-1.033206015		5.613418509e-005		-0.0001153990343
2.648829431		-0.1116076033		-1.009685608		6.079718205		-0.6666559009		5.611110531e-005		-0.0001153736073
2.658862876		-0.05041044045		-1.014528574		6.107877424		-0.2979538996		5.609241473e-005		-0.0001153524977
2.668896321		0.01095849887		-1.015664616		6.113942258		0.07161438402		5.607812783e-005		-0.000115335729
2.678929766		0.07227736406		-1.013091496		6.097914715		0.4407631986		5.60682541e-005		-0.0001153233201
2.688963211		0.1333246804		-1.00681987		6.05986758		0.8082101652		5.606279814e-005		-0.0001153152846
2.698996656		0.193880058		-0.996873232		5.999944048		1.172679771		5.606175964e-005		-0.0001153116316
2.7090301		0.2537248955		-0.983287834		5.918357227		1.532906838		5.606513346e-005		-0.0001153123651
2.719063545		0.3126430792		-0.9661125596		5.815389508		1.887639962		5.607290964e-005		-0.0001153174843
2.72909699		0.3704216749		-0.9454087712		5.691391807		2.235644928		5.608507342e-005		-0.0001153269835
2.739130435		0.4268516105		-0.9212501196		5.54678267		2.575708092		5.610160524e-005		-0.0001153408521
2.74916388		0.4817283505		-0.8937223212		5.382047256		2.906639734		5.612248082e-005		-0.0001153590746
2.759197324		0.5348525588		-0.8629229009		5.197736181		3.227277385		5.614767109e-005		-0.0001153816307
2.769230769		0.5860307488		-0.8289609021		4.994464229		3.536489112		5.617714227e-005		-0.000115408495
2.779264214		0.6350759212		-0.7919565642		4.772908937		3.833176773		5.621085584e-005		-0.0001154396373
2.789297659		0.6818081857		-0.7520409668		4.533809027		4.116279236		5.624876855e-005		-0.0001154750225
2.799331104		0.7260553666		-0.709355643		4.277962715		4.38477555		5.629083242e-005		-0.0001155146104
2.809364548		0.7676535913		-0.6640521598		4.006225868		4.637688086		5.633699473e-005		-0.000115558356
2.819397993		0.8064478589		-0.6162916681		3.71951002		4.874085614		5.638719803e-005		-0.0001156062093
2.829431438		0.8422925884		-0.5662444217		3.418780237		5.093086337		5.644138012e-005		-0.000115658115
2.839464883		0.8750521446		-0.5140892667		3.105052835		5.293860871		5.649947405e-005		-0.000115714013
2.849498328		0.9046013409		-0.4600130999		2.77939294		5.475635148		5.656140809e-005		-0.0001157738381
2.859531773		0.930825916		-0.4042103005		2.442911891		5.637693263		5.662710575e-005		-0.00011583752
2.869565217		0.9536229842		-0.3468821314		2.096764483		5.779380232		5.669648575e-005		-0.0001159049833
2.879598662		0.9729014574		-0.2882361152		1.742146047		5.900104673		5.6769462e-005		-0.0001159761474
2.889632107		0.9885824366		-0.2284853821		1.380289362		5.999341383		5.684594363e-005		-0.0001160509266
2.899665552		1.000599572		-0.1678479938		1.012461401		6.076633816		5.692583494e-005		-0.0001161292301
2.909698997		1.008899388		-0.106546242		0.6399599039		6.131596442		5.700903541e-005		-0.0001162109617
2.919732441		1.013441576		-0.04480592473		0.2641097815		6.163916977		5.709543971e-005		-0.0001162960203
2.929765886		1.01419925		0.01714439966		-0.1137406504		6.173358474		5.718493768e-005		-0.0001163842995
2.939799331		1.011159155		0.07907417843		-0.4922236106		6.159761263		5.727741436e-005		-0.0001164756875
2.949832776		1.004321853		0.1407516491		-0.8699559603		6.123044718		5.737274999e-005		-0.0001165700677
2.959866221		0.9937018452		0.201944641		-1.245543477		6.063208842		5.747082003e-005		-0.000116667318
2.969899666		0.9793276693		0.2624213918		-1.617585292		5.980335661		5.757149518e-005		-0.0001167673113
2.97993311		0.9612419397		0.3219513767		-1.984678485		5.874590392		5.767464144e-005		-0.0001168699154
2.989966555		0.9395013452		0.3803061488		-2.345422832		5.746222396		5.778012012e-005		-0.0001169749931
