time		x		y		vx		vy		KineticEnergy		PotentialEnergy
0		0.893031		0.450841		-2.912		5.59839		5.973261185e-005		-0.0001184352528
0.01003344482		0.8620143607		0.5061133652		-3.265106699		5.407660844		5.985557633e-005		-0.0001190539105
0.02006688963		0.8275104604		0.5593561193		-3.606365664		5.194191597		5.997824947e-005		-0.0001191754029
0.03010033445		0.7896458189		0.6103446347		-3.934275292		4.958688596		6.0100672e-005		-0.0001192967445
0.04013377926		0.7485617923		0.6588615761		-4.247377616		4.701947118		6.022278497e-005		-0.0001194178807
0.05016722408		0.7044141611		0.7046980886		-4.544258808		4.424861376		6.034452947e-005		-0.0001195387563
0.0602006689		0.6573726523		0.747654781		-4.82355606		4.128422385		6.046584668e-005		-0.0001196593156
0.07023411371		0.607620394		0.7875426849		-5.083964388		3.813715341		6.058667791e-005		-0.0001197795022
0.08026755853		0.5553533001		0.8241841858		-5.324243344		3.48191651		6.070696465e-005		-0.0001198992593
0.09030100334		0.5007793904		0.8574139193		-5.543223581		3.134289621		6.082664864e-005		-0.0001200185295
0.1003344482		0.4441180443		0.8870796297		-5.739813244		2.772181785		6.094567189e-005		-0.0001201372549
0.110367893		0.3855991915		0.9130429852		-5.913004154		2.397018915		6.106397671e-005		-0.0001202553774
0.1204013378		0.3254624425		0.9351803437		-6.061877734		2.010300685		6.118150576e-005		-0.0001203728381
0.1304347826		0.2639561601		0.9533834672		-6.185610656		1.613595018		6.129820211e-005		-0.000120489578
0.1404682274		0.2013364762		0.9675601769		-6.28348016		1.208532132		6.141400925e-005		-0.0001206055379
0.1505016722		0.1378662572		0.9776349481		-6.354869009		0.7967981493		6.152887111e-005		-0.0001207206579
0.1605351171		0.07381402115		0.9835494374		-6.399270054		0.3801282986		6.164273212e-005		-0.0001208348781
0.1705685619		0.009452811298		0.9852629407		-6.416290364		-0.03970027351		6.175553722e-005		-0.0001209481385
0.1806020067		-0.05494096943		0.9827527764		-6.405654886		-0.4608760499		6.186723188e-005		-0.0001210603787
0.1906354515		-0.1190887583		0.9760145918		-6.367209612		-0.881561023		6.197776213e-005		-0.0001211715383
0.2006688963		-0.182711062		0.9650625886		-6.300924215		-1.299898874		6.208707456e-005		-0.0001212815568
0.2107023411		-0.2455287091		0.9499296646		-6.206894123		-1.714023415		6.219511638e-005		-0.0001213903737
0.220735786		-0.3072641213		0.9306674699		-6.085342017		-2.122067257		6.230183537e-005		-0.0001214979284
0.2307692308		-0.3676425958		0.9073463752		-5.936618714		-2.522170665		6.240717994e-005		-0.0001216041606
0.2408026756		-0.4263935938		0.8800553496		-5.761203421		-2.912490551		6.25110991e-005		-0.00012170901
0.2508361204		-0.483252029		0.8489017487		-5.559703347		-3.291209562		6.261354252e-005		-0.0001218124165
0.2608695652		-0.5379595473		0.8140110105		-5.332852647		-3.656545221		6.271446046e-005		-0.0001219143202
0.27090301		-0.5902657945		0.7755262593		-5.081510701		-4.006759067		6.281380383e-005		-0.0001220146616
0.2809364548		-0.6399296617		0.7336078186		-4.806659705		-4.340165731		6.291152415e-005		-0.0001221133814
0.2909698997		-0.6867205043		0.6884326326		-4.509401588		-4.655141927		6.300757356e-005		-0.0001222104208
0.3010033445		-0.7304193257		0.6401935993		-4.190954237		-4.950135264		6.310190483e-005		-0.0001223057215
0.3110367893		-0.7708199204		0.5890988146		-3.852647058		-5.223672865		6.319447133e-005		-0.0001223992258
0.3210702341		-0.807729969		0.5353707325		-3.495915856		-5.474369706		6.328522702e-005		-0.0001224908764
0.3311036789		-0.840972078		0.4792452419		-3.122297078		-5.700936644		6.337412649e-005		-0.0001225806167
0.3411371237		-0.8703847598		0.420970666		-2.733421406		-5.902188069		6.346112487e-005		-0.0001226683909
0.3511705686		-0.8958233437		0.3608066854		-2.331006755		-6.077049128		6.354617789e-005		-0.000122754144
0.3612040134		-0.9171608151		0.2990231919		-1.916850675		-6.224562479		6.362924184e-005		-0.0001228378217
0.3712374582		-0.9342885747		0.2358990771		-1.492822214		-6.343894509		6.371027356e-005		-0.0001229193707
0.381270903		-0.9471171137		0.1717209609		-1.060853258		-6.434340992		6.378923045e-005		-0.0001229987388
0.3913043478		-0.9555765999		0.1067818666		-0.6229294079		-6.495332112		6.386607043e-005		-0.0001230758744
0.4013377926		-0.9596173694		0.04137984831		-0.1810804202		-6.526436843		6.394075199e-005		-0.0001231507275
0.4113712375		-0.9592103207		-0.02418342127		0.2626297225		-6.527366623		6.40132341e-005		-0.000123223249
0.4214046823		-0.9543472077		-0.08960409731		0.7061130718		-6.497978291		6.408347632e-005		-0.0001232933909
0.4314381271		-0.9450408276		-0.1545776345		1.147268241		-6.438276274		6.415143869e-005		-0.0001233611068
0.4414715719		-0.9313251025		-0.2188002767		1.583991145		-6.34841397		6.421708182e-005		-0.0001234263513
0.4515050167		-0.9132550521		-0.2819705569		2.014185886		-6.228694334		6.428036683e-005		-0.0001234890805
0.4615384615		-0.8909066567		-0.3437907985		2.435775729		-6.079569629		6.434125541e-005		-0.0001235492522
0.4715719064		-0.8643766094		-0.4039686097		2.846714092		-5.901640344		6.43997098e-005		-0.0001236068253
0.4816053512		-0.8337819592		-0.4622183639		3.244995495		-5.695653266		6.445569283e-005		-0.0001236617605
0.491638796		-0.799259643		-0.5182626552		3.628666389		-5.462498714		6.450916793e-005		-0.0001237140201
0.5016722408		-0.7609659112		-0.5718337227		3.995835803		-5.203206929		6.456009915e-005		-0.0001237635681
0.5117056856		-0.7190756469		-0.6226748343		4.344685743		-4.918943646		6.46084512e-005		-0.0001238103701
0.5217391304		-0.6737815819		-0.6705416219		4.673481272		-4.611004855		6.465418947e-005		-0.0001238543935
0.5317725753		-0.625293414		-0.7152033598		4.980580201		-4.280810777		6.469728007e-005		-0.0001238956075
0.5418060201		-0.5738368287		-0.7564441793		5.264442337		-3.929899086		6.473768992e-005		-0.0001239339833
0.5518394649		-0.5196524307		-0.7940642111		5.523638219		-3.559917409		6.47753867e-005		-0.0001239694939
0.5618729097		-0.4629945902		-0.8278806491		5.756857285		-3.172615147		6.4810339e-005		-0.0001240021141
0.5719063545		-0.4041302109		-0.8577287291		5.962915409		-2.769834657		6.484251631e-005		-0.0001240318209
0.5819397993		-0.3433374248		-0.8834626154		6.140761769		-2.353501852		6.487188911e-005		-0.0001240585931
0.5919732441		-0.2809042223		-0.904956191		6.289484977		-1.92561627		6.489842894e-005		-0.0001240824117
0.602006689		-0.2171270239		-0.9221037446		6.40831845		-1.488240662		6.492210844e-005		-0.0001241032598
0.6120401338		-0.1523092032		-0.9348205521		6.496644969		-1.043490184		6.494290142e-005		-0.0001241211223
0.6220735786		-0.08675956638		-0.9430433469		6.554000397		-0.5935212313		6.496078298e-005		-0.0001241359864
0.6321070234		-0.02079080058		-0.9467306771		6.580076531		-0.1405200079		6.497572954e-005		-0.0001241478416
0.6421404682		0.04528210314		-0.9458631464		6.574723063		0.3133091179		6.498771894e-005		-0.0001241566793
0.652173913		0.1111434415		-0.9404435376		6.537948636		0.7657553844		6.499673052e-005		-0.0001241624931
0.6622073579		0.1764783968		-0.9304968176		6.469920987		1.214613468		6.500274518e-005		-0.0001241652788
0.6722408027		0.2409746319		-0.9160700232		6.370966173		1.657695298		6.500574551e-005		-0.0001241650345
0.6822742475		0.3043238719		-0.897232029		6.241566883		2.092841784		6.500571584e-005		-0.0001241617602
0.6923076923		0.3662234656		-0.8740731981		6.082359853		2.517934372		6.500264232e-005		-0.0001241554583
0.7023411371		0.4263779157		-0.8467049179		5.894132382		2.93090637		6.499651303e-005		-0.0001241461333
0.7123745819		0.4845003696		-0.8152590235		5.677817997		3.329753968		6.498731804e-005		-0.000124133792
0.7224080268		0.5403140628		-0.7798871125		5.434491278		3.712546866		6.497504952e-005		-0.000124118443
0.7324414716		0.5935537063		-0.7407597553		5.165361877		4.077438479		6.495970179e-005		-0.0001241000975
0.7424749164		0.6439668095		-0.6980656046		4.871767781		4.422675619		6.49412714e-005		-0.0001240787685
0.7525083612		0.6913149327		-0.6520104118		4.555167859		4.746607623		6.491975723e-005		-0.0001240544713
0.762541806		0.7353748602		-0.6028159533		4.21713374		5.047694856		6.489516051e-005		-0.000124027223
0.7725752508		0.77593969		-0.5507188762		3.859341076		5.324516544		6.486748496e-005		-0.0001239970432
0.7826086957		0.8128198317		-0.4959694675		3.483560255		5.575777894		6.483673677e-005		-0.0001239639532
0.7926421405		0.8458439092		-0.4388303566		3.091646618		5.800316457		6.480292471e-005		-0.0001239279764
0.8026755853		0.8748595631		-0.3795751573		2.685530245		5.997107698		6.476606017e-005		-0.0001238891381
0.8127090301		0.8997341482		-0.3184870583		2.267205384		6.165269758		6.472615717e-005		-0.0001238474657
0.8227424749		0.9203553233		-0.2558573695		1.838719579		6.30406736		6.468323245e-005		-0.0001238029883
0.8327759197		0.9366315311		-0.1919840343		1.402162578		6.412914866		6.463730546e-005		-0.000123755737
0.8428093645		0.948492365		-0.1271701147		0.9596550892		6.491378465		6.45883984e-005		-0.0001237057445
0.8528428094		0.9558888238		-0.06172225911		0.513337447		6.539177483		6.453653623e-005		-0.0001236530456
0.8628762542		0.9587934509		0.004050838148		0.06535827405		6.556184821		6.448174667e-005		-0.0001235976764
0.872909699		0.9572003611		0.0698399781		-0.3821368049		6.542426533		6.442406022e-005		-0.000123539675
0.8829431438		0.9511251538		0.1353369893		-0.8270163221		6.498080544		6.436351014e-005		-0.0001234790809
0.8929765886		0.9406047158		0.2002362432		-1.267173935		6.423474541		6.430013243e-005		-0.0001234159353
0.9030100334		0.9256969144		0.264236144		-1.700539136		6.319083044		6.423396581e-005		-0.0001233502807
0.9130434783		0.9064801847		0.3270405852		-2.125087651		6.185523713		6.416505169e-005		-0.0001232821613
0.9230769231		0.883053015		0.3883603656		-2.538851457		6.023552885		6.409343412e-005		-0.0001232116225
0.9331103679		0.8555333327		0.4479145562		-2.939928375		5.83406042		6.401915976e-005		-0.0001231387111
0.9431438127		0.8240577968		0.5054318122		-3.326491178		5.618063869		6.394227778e-005		-0.000123063475
0.9531772575		0.7887810014		0.5606516238		-3.696796178		5.376702019		6.386283987e-005		-0.0001229859637
0.9632107023		0.7498745959		0.6133254982		-4.049191243		5.11122787		6.378090009e-005		-0.0001229062273
0.9732441472		0.7075263276		0.6632180693		-4.382123201		4.823001086		6.369651484e-005		-0.0001228243175
0.983277592		0.6619390133		0.7101081287		-4.694144618		4.513479974		6.360974276e-005		-0.0001227402868
0.9933110368		0.6133294456		0.7537895738		-4.983919897		4.184213054		6.352064463e-005		-0.0001226541884
1.003344482		0.5619272427		0.7940722702		-5.250230696		3.836830269		6.34292833e-005		-0.0001225660769
1.013377926		0.5079736457		0.8307828234		-5.49198063		3.4730339		6.333572356e-005		-0.0001224760074
1.023411371		0.4517202736		0.8637652582		-5.708199263		3.094589233		6.324003202e-005		-0.0001223840358
1.033444816		0.3934278411		0.892881604		-5.89804536		2.703315055		6.314227704e-005		-0.0001222902188
1.043478261		0.3333648483		0.918012383		-6.060809415		2.301074014		6.304252857e-005		-0.0001221946136
1.053511706		0.2718062475		0.9390570022		-6.195915442		1.889762916		6.294085806e-005		-0.0001220972782
1.063545151		0.209032097		0.9559340469		-6.302922045		1.471303018		6.283733831e-005		-0.0001219982709
1.073578595		0.1453262065		0.9685814775		-6.381522771		1.047630356		6.273204335e-005		-0.0001218976506
1.08361204		0.08097478383		0.9769567296		-6.431545763		0.62068617		6.262504833e-005		-0.0001217954766
1.093645485		0.0162650875		0.9810367184		-6.45295273		0.1924074859		6.251642936e-005		-0.0001216918085
1.10367893		-0.0485159064		0.9808177494		-6.445837255		-0.2352821178		6.240626339e-005		-0.0001215867061
1.113712375		-0.1130828173		0.9763153381		-6.410422471		-0.6604814942		6.229462809e-005		-0.0001214802297
1.123745819		-0.1771531466		0.9675639402		-6.347058123		-1.08132063		6.218160169e-005		-0.0001213724395
1.133779264		-0.2404485321		0.9546165964		-6.256217061		-1.495969023		6.206726286e-005		-0.0001212633959
1.143812709		-0.3026959639		0.9375444949		-6.138491185		-1.902643695		6.195169058e-005		-0.0001211531594
1.153846154		-0.3636289572		0.9164364553		-5.99458688		-2.299616814		6.183496404e-005		-0.0001210417906
1.163879599		-0.4229886772		0.8913983381		-5.82531999		-2.685222889		6.171716242e-005		-0.00012092935
1.173913043		-0.4805250106		0.862552384		-5.631610349		-3.057865508		6.159836488e-005		-0.0001208158979
1.183946488		-0.5359975805		0.8300364884		-5.414475928		-3.416023614		6.147865035e-005		-0.0001207014946
1.193979933		-0.5891767014		0.7940034152		-5.175026629		-3.758257267		6.135809744e-005		-0.0001205862002
1.204013378		-0.6398442688		0.7546199546		-4.914457772		-4.083212914		6.123678434e-005		-0.0001204700747
1.214046823		-0.6877945831		0.7120660323		-4.634043309		-4.389628122		6.111478866e-005		-0.0001203531776
1.224080268		-0.7328351044		0.6665337716		-4.33512882		-4.676335783		6.099218736e-005		-0.0001202355683
1.234113712		-0.7747871347		0.6182265182		-4.019124322		-4.942267778		6.086905666e-005		-0.0001201173057
1.244147157		-0.8134864286		0.5673578296		-3.687496933		-5.186458099		6.074547187e-005		-0.0001199984486
1.254180602		-0.8487837287		0.514150436		-3.34176344		-5.408045428		6.062150736e-005		-0.0001198790551
1.264214047		-0.8805452267		0.4588351788		-2.983482797		-5.606275178		6.049723645e-005		-0.000119759183
1.274247492		-0.9086529487		0.4016499307		-2.614248605		-5.780500997		6.037273131e-005		-0.0001196388895
1.284280936		-0.9330050649		0.3428385033		-2.235681605		-5.93018575		6.02480629e-005		-0.0001195182315
1.294314381		-0.9535161247		0.2826495478		-1.849422213		-6.054901986		6.012330087e-005		-0.0001193972653
1.304347826		-0.9701172163		0.2213354534		-1.457123146		-6.154331902		5.999851354e-005		-0.0001192760464
1.314381271		-0.982756054		0.1591512487		-1.060442159		-6.228266822		5.987376777e-005		-0.00011915463
1.324414716		-0.9913969921		0.09635351049		-0.6610349284		-6.276606206		5.974912896e-005		-0.0001190330705
1.334448161		-0.996020969		0.03319928474		-0.2605481095		-6.29935621		5.962466097e-005		-0.0001189114219
1.344481605		-0.9966253823		-0.03005497533		0.1393874043		-6.296627816		5.950042606e-005		-0.0001187897372
1.35451505		-0.9932238973		-0.09315445071		0.5371629969		-6.268634555		5.93764849e-005		-0.0001186680691
1.364548495		-0.9858461917		-0.1558469731		0.9311985969		-6.215689837		5.925289647e-005		-0.0001185464693
1.37458194		-0.9745376379		-0.2178840127		1.319948676		-6.138203935		5.912971808e-005		-0.0001184249889
1.384615385		-0.9593589273		-0.279021634		1.701907962		-6.036680615		5.900700534e-005		-0.0001183036783
1.394648829		-0.9403856386		-0.3390214163		2.075616845		-5.911713467		5.888481211e-005		-0.0001181825871
1.404682274		-0.9177077531		-0.3976513357		2.439666472		-5.763981944		5.876319051e-005		-0.0001180617643
1.414715719		-0.8914291208		-0.4546866058		2.792703506		-5.594247141		5.864219091e-005		-0.0001179412578
1.424749164		-0.8616668801		-0.5099104756		3.133434549		-5.403347347		5.852186193e-005		-0.0001178211152
1.434782609		-0.8285508355		-0.5631149807		3.460630219		-5.192193381		5.840225043e-005		-0.0001177013829
1.444816054		-0.7922227954		-0.6141016471		3.77312887		-4.961763752		5.82834015e-005		-0.0001175821067
1.454849498		-0.7528358749		-0.6626821463		4.069839955		-4.713099662		5.816535852e-005		-0.0001174633315
1.464882943		-0.7105537662		-0.7086788979		4.349747026		-4.44729988		5.804816313e-005		-0.0001173451016
1.474916388		-0.6655499814		-0.7519256221		4.611910381		-4.16551551		5.793185525e-005		-0.0001172274603
1.484949833		-0.6180070696		-0.7922678379		4.855469338		-3.868944679		5.781647312e-005		-0.0001171104502
1.494983278		-0.5681158141		-0.829563308		5.079644157		-3.558827166		5.770205333e-005		-0.0001169941129
1.505016722		-0.516074411		-0.8636824298		5.283737609		-3.236439003		5.758863082e-005		-0.0001168784895
1.515050167		-0.4620876346		-0.8945085722		5.467136192		-2.903087059		5.747623892e-005		-0.0001167636201
1.525083612		-0.4063659924		-0.9219383574		5.629310998		-2.560103635		5.736490939e-005		-0.0001166495439
1.535117057		-0.3491248721		-0.9458818893		5.769818255		-2.208841091		5.725467248e-005		-0.0001165362994
1.545150502		-0.2905836863		-0.9662629278		5.888299531		-1.850666522		5.714555692e-005		-0.0001164239244
1.555183946		-0.2309650153		-0.9830190102		5.984481628		-1.486956503		5.703758999e-005		-0.0001163124557
1.565217391		-0.170493754		-0.9961015199		6.058176155		-1.119091917		5.693079757e-005		-0.0001162019293
1.575250836		-0.1093962631		-1.005475704		6.109278821		-0.7484528891		5.682520416e-005		-0.0001160923806
1.585284281		-0.04789953013		-1.011120641		6.137768427		-0.3764138331		5.672083296e-005		-0.0001159838441
1.595317726		0.01376965856		-1.013029159		6.143705593		-0.004338636195		5.661770586e-005		-0.0001158763534
1.605351171		0.07538553194		-1.011207704		6.127231226		0.3664240168		5.651584358e-005		-0.0001157699414
1.615384615		0.1367241313		-1.005676169		6.088564732		0.73454516		5.641526562e-005		-0.0001156646403
1.62541806		0.1975640884		-0.9964676677		6.028002006		1.098719895		5.631599039e-005		-0.0001155604814
1.635451505		0.2576873823		-0.9836282778		5.945913196		1.457671563		5.621803519e-005		-0.0001154574954
1.64548495		0.3168800723		-0.9672167333		5.842740265		1.810155727		5.612141633e-005		-0.000115355712
1.655518395		0.3749330063		-0.9473040826		5.718994354		2.154963961		5.602614915e-005		-0.0001152551605
1.665551839		0.4316425008		-0.9239733093		5.575252986		2.490927438		5.593224805e-005		-0.000115155869
1.675585284		0.4868109927		-0.8973189167		5.412157088		2.816920311		5.583972658e-005		-0.0001150578654
1.685618729		0.5402476598		-0.8674464803		5.230407879		3.131862874		5.574859747e-005		-0.0001149611764
1.695652174		0.5917690103		-0.83447217		5.030763619		3.43472452		5.565887268e-005		-0.0001148658283
1.705685619		0.6411994381		-0.7985222425		4.814036242		3.724526464		5.557056348e-005		-0.0001147718466
1.715719064		0.6883717442		-0.7597325085		4.58108788		4.000344251		5.548368043e-005		-0.0001146792561
1.725752508		0.733127623		-0.7182477759		4.332827299		4.261310042		5.539823352e-005		-0.0001145880809
1.735785953		0.7753181114		-0.6742212702		4.070206259		4.506614669		5.531423214e-005		-0.0001144983444
1.745819398		0.8148040027		-0.6278140367		3.794215801		4.735509467		5.523168518e-005		-0.0001144100695
1.755852843		0.8514562212		-0.5791943244		3.505882494		4.947307884		5.515060104e-005		-0.0001143232781
1.765886288		0.8851561598		-0.5285369554		3.206264635		5.141386864		5.507098769e-005		-0.000114237992
1.775919732		0.9157959797		-0.4760226817		2.896448424		5.31718801		5.499285271e-005		-0.0001141542318
1.785953177		0.9432788707		-0.4218375305		2.577544128		5.47421853		5.491620336e-005		-0.0001140720178
1.795986622		0.9675192733		-0.3661721426		2.250682236		5.612051959		5.484104657e-005		-0.0001139913696
1.806020067		0.9884430627		-0.3092211032		1.917009625		5.730328679		5.4767389e-005		-0.0001139123062
1.816053512		1.005987694		-0.2511822694		1.577685747		5.828756221		5.46952371e-005		-0.0001138348461
1.826086957		1.020102308		-0.1922560954		1.233878838		5.907109369		5.462459712e-005		-0.000113759007
1.836120401		1.030747804		-0.1326449577		0.8867621712		5.965230056		5.455547515e-005		-0.0001136848062
1.846153846		1.037896867		-0.07255248228		0.5375103569		6.003027075		5.448787717e-005		-0.0001136122605
1.856187291		1.041533965		-0.01218287593		0.1872956952		6.020475592		5.442180904e-005		-0.0001135413859
1.866220736		1.041655309		0.04825973695		-0.162715401		6.017616479		5.435727658e-005		-0.000113472198
1.876254181		1.038268773		0.1085719698		-0.5113659132		5.99455547		5.429428556e-005		-0.0001134047119
1.886287625		1.031393786		0.16855182		-0.8575116425		5.951462141		5.423284175e-005		-0.0001133389421
1.89632107		1.021061182		0.2279993037		-1.200024548		5.888568731		5.417295092e-005		-0.0001132749027
1.906354515		1.007313026		0.2867170788		-1.537795988		5.806168797		5.411461889e-005		-0.0001132126071
1.91638796		0.9902023994		0.3445110522		-1.869739867		5.70461572		5.405785153e-005		-0.0001131520683
1.926421405		0.9697931621		0.4011909728		-2.194795669		5.584321072		5.400265479e-005		-0.0001130932989
1.936454849		0.946159677		0.4565710068		-2.51193138		5.445752829		5.39490347e-005		-0.0001130363109
1.946488294		0.9193865123		0.5104702938		-2.8201463		5.289433472		5.389699741e-005		-0.0001129811158
1.956521739		0.8895681125		0.5627134845		-3.118473725		5.115937948		5.38465492e-005		-0.0001129277248
1.966555184		0.8568084442		0.613131256		-3.405983509		4.925891524		5.379769645e-005		-0.0001128761485
1.976588629		0.8212206173		0.661560806		-3.681784492		4.719967525		5.375044573e-005		-0.0001128263971
1.986622074		0.7829264812		0.7078463234		-3.945026802		4.498884974		5.370480371e-005		-0.0001127784802
1.996655518		0.7420561999		0.7518394343		-4.194904008		4.263406135		5.366077727e-005		-0.0001127324073
2.006688963		0.6987478054		0.7933996238		-4.430655151		4.014333968		5.361837342e-005		-0.0001126881872
2.016722408		0.653146732		0.832394631		-4.651566617		3.752509503		5.357759934e-005		-0.0001126458284
2.026755853		0.6054053315		0.8687008178		-4.856973875		3.478809141		5.35384624e-005		-0.0001126053389
2.036789298		0.5556823733		0.90220351		-5.046263073		3.194141888		5.35009701e-005		-0.0001125667263
2.046822742		0.5041425274		0.9327973105		-5.218872474		2.899446534		5.346513015e-005		-0.0001125299979
2.056856187		0.4509558353		0.9603863836		-5.37429376		2.595688769		5.34309504e-005		-0.0001124951606
2.066889632		0.3962971677		0.9848847106		-5.512073171		2.28385827		5.339843887e-005		-0.0001124622206
2.076923077		0.3403456713		1.006216315		-5.631812509		1.964965736		5.336760372e-005		-0.0001124311843
2.086956522		0.2832842076		1.024315461		-5.733169978		1.640039896		5.333845328e-005		-0.0001124020571
2.096989967		0.2252987822		1.039126815		-5.815860882		1.310124499		5.3310996e-005		-0.0001123748444
2.107023411		0.1665779692		1.050605585		-5.879658173		0.9762752742		5.328524046e-005		-0.0001123495511
2.117056856		0.1073123305		1.058717623		-5.924392844		0.6395568921		5.326119538e-005		-0.0001123261817
2.127090301		0.04769383184		1.063439502		-5.949954174		0.3010399135		5.323886955e-005		-0.0001123047406
2.137123746		-0.0120847432		1.064758558		-5.956289828		-0.03820225674		5.321827189e-005		-0.0001122852314
2.147157191		-0.07183037875		1.062672902		-5.943405803		-0.3770964077		5.319941136e-005		-0.0001122676577
2.157190635		-0.1313504115		1.057191406		-5.911366233		-0.7145725457		5.3182297e-005		-0.0001122520226
2.16722408		-0.1904531125		1.048333654		-5.860293047		-1.049566897		5.316693791e-005		-0.0001122383289
2.177257525		-0.2489482653		1.036129863		-5.79036548		-1.381024884		5.315334318e-005		-0.0001122265789
2.18729097		-0.3066477375		1.02062078		-5.701819446		-1.707904065		5.314152194e-005		-0.0001122167747
2.197324415		-0.3633660468		1.001857541		-5.594946772		-2.029177044		5.313148329e-005		-0.0001122089181
2.20735786		-0.4189209169		0.9799015079		-5.47009429		-2.34383432		5.312323629e-005		-0.0001122030104
2.217391304		-0.4731338252		0.9548240759		-5.327662797		-2.650887105		5.311678998e-005		-0.0001121990526
2.227424749		-0.5258305383		0.9267064489		-5.168105878		-2.949370071		5.311215327e-005		-0.0001121970455
2.237458194		-0.5768416355		0.8956393922		-4.991928608		-3.23834404		5.310933503e-005		-0.0001121969894
2.247491639		-0.6260030187		0.8617229564		-4.799686113		-3.516898612		5.310834394e-005		-0.0001121988842
2.257525084		-0.673156407		0.8250661759		-4.591982018		-3.784154712		5.31091886e-005		-0.0001122027297
2.267558528		-0.718149815		0.7857867415		-4.369466767		-4.039267065		5.311187738e-005		-0.0001122085251
2.277591973		-0.7608380143		0.7440106495		-4.13283583		-4.28142659		5.311641847e-005		-0.0001122162695
2.287625418		-0.8010829755		0.6998718266		-3.882827793		-4.509862699		5.312281986e-005		-0.0001122259615
2.297658863		-0.8387542911		0.6535117325		-3.620222336		-4.723845511		5.313108926e-005		-0.0001122375993
2.307692308		-0.8737295776		0.6050789401		-3.345838104		-4.922687962		5.314123409e-005		-0.000112251181
2.317725753		-0.9058948551		0.5547286964		-3.060530484		-5.105747823		5.315326151e-005		-0.000112266704
2.327759197		-0.935144905		0.5026224621		-2.765189268		-5.272429596		5.31671783e-005		-0.0001122841656
2.337792642		-0.9613836029		0.4489274336		-2.460736236		-5.422186316		5.318299091e-005		-0.0001123035628
2.347826087		-0.9845242275		0.3938160477		-2.148122641		-5.554521225		5.320070539e-005		-0.000112324892
2.357859532		-1.004489743		0.3374654692		-1.828326612		-5.668989332		5.322032737e-005		-0.0001123481495
2.367892977		-1.021213056		0.2800570645		-1.502350475		-5.765198847		5.324186204e-005		-0.000112373331
2.377926421		-1.034637244		0.2217758603		-1.171218002		-5.842812491		5.326531412e-005		-0.000112400432
2.387959866		-1.044715758		0.1628099911		-0.8359715882		-5.901548672		5.329068783e-005		-0.0001124294476
2.397993311		-1.051412594		0.1033501344		-0.497669365		-5.941182523		5.331798685e-005		-0.0001124603725
2.408026756		-1.054702434		0.04358893709		-0.1573822527		-5.96154681		5.334721432e-005		-0.000112493201
2.418060201		-1.054570766		-0.01627956746		0.1838090368		-5.962532691		5.337837278e-005		-0.000112527927
2.428093645		-1.051013959		-0.07606054834		0.5248170465		-5.944090329		5.341146417e-005		-0.0001125645442
2.43812709		-1.04403932		-0.1355589721		0.8645506616		-5.906229367		5.344648978e-005		-0.0001126030458
2.448160535		-1.033665116		-0.1945802012		1.201918231		-5.84901924		5.348345026e-005		-0.0001126434244
2.45819398		-1.01992056		-0.2529305956		1.535830715		-5.772589341		5.352234553e-005		-0.0001126856724
2.468227425		-1.002845771		-0.3104181144		1.865204863		-5.677129032		5.356317484e-005		-0.0001127297819
2.47826087		-0.9824916996		-0.3668529173		2.18896639		-5.562887491		5.360593665e-005		-0.0001127757444
2.488294314		-0.9589200236		-0.4220479637		2.50605318		-5.430173409		5.365062868e-005		-0.0001128235509
2.498327759		-0.932203007		-0.4758196078		2.81541847		-5.279354514		5.369724787e-005		-0.0001128731923
2.508361204		-0.9024233319		-0.5279881881		3.116034047		-5.110856943		5.374579031e-005		-0.0001129246587
2.518394649		-0.8696738957		-0.57837861		3.406893412		-4.925164445		5.379625129e-005		-0.00011297794
2.528428094		-0.8340575778		-0.6268209194		3.687014936		-4.722817416		5.384862522e-005		-0.0001130330255
2.538461538		-0.7956869739		-0.6731508658		3.955444975		-4.504411779		5.390290563e-005		-0.0001130899043
2.548494983		-0.7546841001		-0.7172104534		4.211260955		-4.270597688		5.395908517e-005		-0.0001131485646
2.558528428		-0.7111800651		-0.7588484783		4.453574409		-4.022078072		5.401715554e-005		-0.0001132089946
2.568561873		-0.6653147139		-0.7979210502		4.68153395		-3.759607014		5.407710754e-005		-0.0001132711817
2.578595318		-0.6172362401		-0.8342920973		4.894328198		-3.483987966		5.413893098e-005		-0.0001133351129
2.588628763		-0.5671007702		-0.8678338522		5.091188618		-3.196071799		5.420261473e-005		-0.0001134007747
2.598662207		-0.51507192		-0.8984273174		5.271392291		-2.896754695		5.426814667e-005		-0.0001134681531
2.608695652		-0.4613203228		-0.9259627089		5.434264586		-2.586975877		5.433551367e-005		-0.0001135372336
2.618729097		-0.4060231323		-0.9503398768		5.579181741		-2.267715188		5.44047016e-005		-0.0001136080012
2.628762542		-0.3493634986		-0.9714686993		5.705573332		-1.939990506		5.447569531e-005		-0.0001136804402
2.638795987		-0.2915300219		-0.9892694521		5.812924632		-1.604855021		5.454847861e-005		-0.0001137545347
2.648829431		-0.2327161816		-1.003673148		5.900778838		-1.263394357		5.462303429e-005		-0.0001138302678
2.658862876		-0.1731197443		-1.014621847		5.968739172		-0.9167235568		5.469934407e-005		-0.0001139076223
2.668896321		-0.1129421514		-1.022068938		6.016470833		-0.5659839257		5.477738864e-005		-0.0001139865805
2.678929766		-0.05238788807		-1.025979384		6.043702804		-0.2123397479		5.485714762e-005		-0.000114067124
2.688963211		0.008336165733		-1.026329937		6.050229489		0.1430251257		5.493859959e-005		-0.0001141492337
2.698996656		0.06902139934		-1.023109315		6.035912196		0.4989108074		5.502172205e-005		-0.00011423289
2.7090301		0.1294581496		-1.016318349		6.000680428		0.854105015		5.510649147e-005		-0.0001143180728
2.719063545		0.1894363912		-1.005970084		5.944532998		1.207386818		5.519288324e-005		-0.0001144047613
2.72909699		0.2487464372		-0.9920898505		5.867538945		1.557530482		5.52808717e-005		-0.0001144929339
2.739130435		0.3071796476		-0.9747152915		5.769838253		1.903309395		5.537043017e-005		-0.0001145825686
2.74916388		0.3645291446		-0.9538963509		5.651642358		2.243500076		5.54615309e-005		-0.0001146736425
2.759197324		0.4205905311		-0.929695223		5.513234439		2.576886254		5.555414512e-005		-0.0001147661324
2.769230769		0.4751626116		-0.9021862589		5.354969488		2.902262995		5.564824305e-005		-0.000114860014
2.779264214		0.5280481128		-0.8714558318		5.177274145		3.218440879		5.574379389e-005		-0.0001149552626
2.789297659		0.5790544005		-0.837602161		4.980646306		3.52425022		5.584076585e-005		-0.0001150518528
2.799331104		0.6279941925		-0.8007350917		4.765654483		3.818545288		5.593912615e-005		-0.0001151497583
2.809364548		0.674686263		-0.7609758341		4.532936923		4.100208559		5.603884106e-005		-0.0001152489523
2.819397993		0.7189561374		-0.718456659		4.28320047		4.36815495		5.61398759e-005		-0.0001153494072
2.829431438		0.7606367741		-0.6733205508		4.017219185		4.621336032		5.624219506e-005		-0.0001154510946
2.839464883		0.7995692314		-0.6257208189		3.735832697		4.858744222		5.634576202e-005		-0.0001155539855
2.849498328		0.8356033165		-0.5758206668		3.439944302		5.079416909		5.64505394e-005		-0.00011565805
2.859531773		0.8685982141		-0.5237927204		3.130518804		5.282440532		5.655648893e-005		-0.0001157632575
2.869565217		0.8984230919		-0.4698185157		2.80858009		5.466954566		5.666357153e-005		-0.0001158695768
2.879598662		0.9249576808		-0.4140879465		2.475208449		5.632155419		5.67717473e-005		-0.0001159769757
2.889632107		0.9480928266		-0.3567986745		2.131537632		5.777300208		5.688097556e-005		-0.0001160854214
2.899665552		0.9677310112		-0.2981555009		1.778751651		5.901710415		5.699121488e-005		-0.0001161948801
2.909698997		0.9837868397		-0.2383697029		1.418081338		6.004775383		5.710242312e-005		-0.0001163053175
2.919732441		0.9961874929		-0.177658336		1.050800642		6.08595566		5.721455742e-005		-0.0001164166983
2.929765886		1.00487314		-0.1162435024		0.678222693		6.144786151		5.732757429e-005		-0.0001165289864
2.939799331		1.009797313		-0.05435159048		0.3016956269		6.180879075		5.74414296e-005		-0.000116642145
2.949832776		1.010927233		0.007787515821		-0.07740181213		6.193926705		5.75560786e-005		-0.0001167561364
2.959866221		1.008244099		0.0699412531		-0.4576648909		6.183703868		5.767147601e-005		-0.0001168709222
2.969899666		1.001743322		0.1318752189		-0.8376677107		6.150070202		5.778757602e-005		-0.0001169864631
2.97993311		0.9914347137		0.1933540331		-1.215968225		6.092972138		5.79043323e-005		-0.0001171027191
2.989966555		0.977342622		0.2541422183		-1.591113438		6.0124446		5.802169807e-005		-0.0001172196492
