time		x		y		vx		vy		KineticEnergy		PotentialEnergy		AngularMomentum
0		1		0		0		6.41782		0.0006178271645		-0.0001184352528		0.0001925347498
0.0202020202		0.9919440021		0.1296530301		-0.7938791097		6.36618211		0.0006173777804		-0.001183901067		0.0001925347498
0.0404040404		0.9679240764		0.2572194792		-1.573214659		6.212433053		0.000616039932		-0.001182557351		0.0001925347494
0.06060606061		0.9283797735		0.3806604262		-2.323915801		5.960063164		0.0006138440636		-0.001180352311		0.0001925347461
0.08080808081		0.8740284885		0.4980301121		-3.032767365		5.614708291		0.0006108394061		-0.001177335501		0.0001925347341
0.101010101		0.8058437183		0.6075173268		-3.687797925		5.183911324		0.0006070918522		-0.001173573225		0.0001925347054
0.1212121212		0.7250265521		0.7074810746		-4.278573434		4.676810694		0.0006026812334		-0.00116914579		0.0001925346499
0.1414141414		0.6329720644		0.7964793751		-4.796404291		4.103785285		0.0005976982169		-0.001164144373		0.0001925345561
0.1616161616		0.5312324393		0.8732905811		-5.234462215		3.476081347		0.0005922410432		-0.001158667727		0.0001925344117
0.1818181818		0.4214786416		0.9369271062		-5.587810948		2.80544527		0.0005864123154		-0.001152818946		0.0001925342041
0.202020202		0.3054623		0.9866419052		-5.85336095		2.103782264		0.0005803160134		-0.001146702457		0.0001925339211
0.2222222222		0.1849792092		1.02192841		-6.029762369		1.382855748		0.0005740548636		-0.001140421382		0.000192533551
0.2424242424		0.06183553761		1.042514865		-6.117252571		0.6540366814		0.000567728145		-0.001134075329		0.0001925330834
0.2626262626		-0.06218251081		1.048354134		-6.117474619		-0.07189329207		0.0005614299654		-0.001127758674		0.0001925325094
0.2828282828		-0.1853351541		1.039610085		-6.033281713		-0.784885516		0.0005552480025		-0.0011215593		0.0001925318218
0.303030303		-0.3059514689		1.016641588		-5.868540326		-1.475718845		0.0005492626751		-0.001115557774		0.0001925310152
0.3232323232		-0.4224478945		0.9799850814		-5.627941958		-2.13605132		0.0005435466888		-0.001109826902		0.0001925300862
0.3434343434		-0.5333430632		0.9303364844		-5.316830587		-2.758436505		0.0005381648916		-0.001104431591		0.0001925290335
0.3636363636		-0.6372693324		0.8685331014		-4.941050307		-3.336312307		0.0005331743693		-0.001099428954		0.0001925278579
0.3838383838		-0.7329814594		0.7955359871		-4.506815359		-3.86396986		0.0005286247164		-0.001094868589		0.0001925265622
0.404040404		-0.8193628823		0.7124131071		-4.020603024		-4.336509284		0.0005245584217		-0.001090792971		0.0001925251512
0.4242424242		-0.8954300664		0.6203234908		-3.489068518		-4.749788271		0.0005210113162		-0.001087237906		0.0001925236317
0.4444444444		-0.9603353476		0.5205024698		-2.918980126		-5.100368397		0.0005180130414		-0.001084233005		0.0001925220127
0.4646464646		-1.013368657		0.414248		-2.317172224		-5.385463126		0.000515587503		-0.001081802144		0.0001925203049
0.4848484848		-1.053958468		0.3029080001		-1.690513555		-5.602890569		0.0005137532822		-0.001079963874		0.0001925185212
0.5050505051		-1.081672235		0.1878685831		-1.045887947		-5.75103331		0.0005125239859		-0.001078731779		0.0001925166763
0.5252525253		-1.096216567		0.07054301788		-0.3901846784		-5.828806963		0.0005119085204		-0.001078114747		0.0001925147868
0.5454545455		-1.097437273		-0.04763876897		0.2697043005		-5.835638626		0.0005119112787		-0.001078117162		0.0001925128716
0.5656565657		-1.085319423		-0.1652403609		0.9268830163		-5.771455932		0.0005125322356		-0.001078738997		0.0001925109512
0.5858585859		-1.059987454		-0.2808289076		1.574448676		-5.636687073		0.0005137669469		-0.001079975814		0.0001925090484
0.6060606061		-1.021705335		-0.3929852932		2.205490105		-5.432271808		0.0005156064539		-0.001081818671		0.0001925071879
0.6262626263		-0.9708767427		-0.5003146372		2.813090107		-5.159683169		0.0005180370953		-0.001084253927		0.0001925053963
0.6464646465		-0.9080451289		-0.6014573404		3.390334498		-4.820959187		0.0005210402324		-0.001087262969		0.0001925037023
0.6666666667		-0.8338935307		-0.695100867		3.930330614		-4.418743546		0.0005245918989		-0.001090821859		0.0001925021362
0.6868686869		-0.749243892		-0.7799924332		4.426238142		-3.95633355		0.0005286623887		-0.00109490092		0.0001925007302
0.7070707071		-0.655055626		-0.8549527276		4.871315111		-3.437733153		0.0005332158021		-0.001099464272		0.0001924995175
0.7272727273		-0.5524230795		-0.9188907424		5.258981769		-2.867708025		0.0005382095784		-0.001104469367		0.0001924985328
0.7474747475		-0.4425715141		-0.9708197186		5.582904748		-2.251838747		0.0005435940475		-0.001109866528		0.000192497811
0.7676767677		-0.3268511705		-1.009874126		5.8371034		-1.59656725		0.0005493120464		-0.001115598564		0.0001924973871
0.7878787879		-0.2067289525		-1.035327486		6.016079265		-0.9092305742		0.0005552986495		-0.001121600486		0.0001924972952
0.8080808081		-0.08377726074		-1.046610715		6.114968353		-0.1980751023		0.0005614810756		-0.001127799411		0.0001924975677
0.8282828283		0.04034047594		-1.043330521		6.129714154		0.5277563441		0.0005677788355		-0.0011341147		0.0001924982341
0.8484848485		0.1638879576		-1.025287226		6.057257054		1.258272475		0.0005741041896		-0.001140458405		0.0001924993197
0.8686868687		0.2850781347		-0.9924912288		5.89573321		1.982724215		0.0005803629809		-0.001146736103		0.0001925008446
0.8888888889		0.4020994004		-0.9451771571		5.64467306		2.689744592		0.0005864558988		-0.001152848149		0.0001925028217
0.9090909091		0.5131457331		-0.8838146796		5.305186823		3.367542116		0.0005922802069		-0.001158691416		0.0001925052558
0.9292929293		0.6164503832		-0.8091148493		4.880121964		4.004148565		0.0005977319418		-0.001164161491		0.000192508142
0.9494949495		0.7103223781		-0.7220308992		4.374176155		4.587717593		0.0006027085462		-0.001169155329		0.0001925114644
0.9696969697		0.7931847733		-0.6237525223		3.793949265		5.106865262		0.0006071118574		-0.001173574256		0.0001925151957
0.9898989899		0.8636132575		-0.5156929088		3.147919822		5.551037924		0.0006108513186		-0.001177327211		0.0001925192962
1.01010101		0.9203734529		-0.3994681618		2.446335395		5.910887618		0.0006138472395		-0.001180334033		0.0001925237145
1.03030303		0.9624550916		-0.2768691667		1.701012441		6.178631164		0.0006160338958		-0.001182528588		0.0001925283876
1.050505051		0.9891012283		-0.1498264986		0.9250487549		6.348367341		0.0006173622464		-0.001183861524		0.0001925332425
1.070707071		0.9998307989		-0.02036947614		0.1324600259		6.416327439		0.000617802052		-0.001184302402		0.0001925381979
1.090909091		0.9944531486		0.1094190545		-0.6622401655		6.381038533		0.000617343222		-0.00118384107		0.0001925431666
1.111111111		0.9730736205		0.2374502626		-1.44449138		6.243385511		0.0006159962698		-0.001182488114		0.000192548058
1.131313131		0.9360898605		0.361677055		-2.200139368		6.006566624		0.0006137918377		-0.001180274384		0.0001925527812
1.151515152		0.8841791005		0.4801398231		-2.915861971		5.675946724		0.0006107793337		-0.001177249609		0.0001925572476
1.171717172		0.8182772556		0.5910082358		-3.579541833		5.258821167		0.000607024797		-0.001173480245		0.0001925613737
1.191919192		0.7395511477		0.6926174461		-4.180565868		4.764110322		0.000602608172		-0.001169046712		0.0001925650833
1.212121212		0.6493655034		0.7834975417		-4.710039077		4.202008888		0.0005976202021		-0.001164040265		0.0001925683097
1.232323232		0.5492465385		0.862395583		-5.160908623		3.583615506		0.0005921591686		-0.001158559699		0.0001925709964
1.252525253		0.4408439429		0.9282900874		-5.528001722		2.920566574		0.0005863276823		-0.001152708114		0.0001925730986
1.272727273		0.3258929336		0.9803982728		-5.807987147		2.224694452		0.0005802297016		-0.001146589917		0.0001925745831
1.292929293		0.2061777955		1.018176732		-5.999274294		1.507725135		0.0005739679071		-0.001140308182		0.0001925754282
1.313131313		0.0834980126		1.04131646		-6.101865916		0.7810249099		0.0005676415134		-0.001133962455		0.0001925756233
1.333333333		-0.04036224148		1.049733294		-6.117180792		0.05540016095		0.0005613445503		-0.001127647029		0.000192575168
1.353535354		-0.1636608073		1.04355485		-6.04786136		-0.659049993		0.0005551646088		-0.001121449702		0.0001925740713
1.373737374		-0.2847202762		1.023105011		-5.897579062		-1.353032028		0.0005491820169		-0.001115450948		0.0001925723504
1.393939394		-0.40194683		0.9888868897		-5.670847455		-2.018113405		0.0005434693886		-0.00110972348		0.0001925700296
1.414141414		-0.5138454259		0.9415650758		-5.372850301		-2.646742361		0.0005380914822		-0.001104332116		0.0001925671397
1.434343434		-0.6190316906		0.8819478044		-5.00928924		-3.232239857		0.0005331052978		-0.001099333881		0.0001925637165
1.454545455		-0.7162409508		0.810969526		-4.58625344		-3.768771156		0.0005285603497		-0.001094778291		0.0001925598004
1.474747475		-0.8043348599		0.7296742223		-4.110111794		-4.251303862		0.0005244990523		-0.001090707747		0.0001925554357
1.494949495		-0.8823060738		0.639199673		-3.587426939		-4.675558348		0.0005209571687		-0.001087157986		0.0001925506697
1.515151515		-0.9492814029		0.5407627739		-3.024889428		-5.037955524		0.0005179642787		-0.001084158557		0.0001925455526
1.535353535		-1.004523828		0.4356459145		-2.429269802		-5.335565919		0.0005155442317		-0.001081733277		0.0001925401371
1.555555556		-1.047433718		0.325184353		-1.807385972		-5.566063225		0.0005137155581		-0.001079900647		0.0001925344781
1.575757576		-1.077549524		0.2107544711		-1.16608318		-5.727684632		0.0005124918184		-0.001078674203		0.0001925286328
1.595959596		-1.09454819		0.09376275166		-0.5122237546		-5.819199706		0.0005118818758		-0.001078062789		0.0001925226604
1.616161616		-1.098245434		-0.02436470894		0.1473160813		-5.839888999		0.0005118900832		-0.001078070748		0.0001925166222
1.636363636		-1.088596025		-0.1421923594		0.8056450727		-5.789533182		0.0005125163767		-0.001078698014		0.0001925105815
1.656565657		-1.065694118		-0.2582852415		1.45585413		-5.6684131		0.0005137562747		-0.001079940112		0.0001925046039
1.676767677		-1.029773636		-0.3712191513		2.091014545		-5.477320841		0.0005156007813		-0.001081788059		0.0001924987573
1.696969697		-0.9812086814		-0.4795911341		2.704179911		-5.217581573		0.0005180361969		-0.001084228177		0.0001924931114
1.717171717		-0.9205138416		-0.582030528		3.288394527		-4.891085533		0.0005210438438		-0.001087241812		0.0001924877381
1.737373737		-0.848344256		-0.6772107516		3.836711084		-4.50032914		0.0005245997147		-0.001090804986		0.0001924827112
1.757575758		-0.765495212		-0.7638620084		4.342220545		-4.048463673		0.0005286740606		-0.001094887976		0.0001924781059
1.777777778		-0.6729010017		-0.8407850414		4.798097077		-3.539349311		0.0005332309366		-0.001099454858		0.0001924739984
1.797979798		-0.5716327038		-0.9068660209		5.197660846		-2.977611579		0.0005382277347		-0.001104463033		0.000192470465
1.818181818		-0.4628945029		-0.9610925799		5.534461136		-2.368696338		0.0005436147362		-0.001109862777		0.0001924675814
1.838383838		-0.3480181124		-1.002570923		5.802381801		-1.718918452		0.0005493347281		-0.001115596846		0.0001924654211
1.858585859		-0.2284548342		-1.030543831		5.9957701		-1.035498258		0.000555322736		-0.001121600203		0.0001924640541
1.878787879		-0.1057647751		-1.044409237		6.109588771		-0.3265789439		0.0005615059314		-0.001127799916		0.0001924635448
1.898989899		0.01839723741		-1.043738939		6.139589381		0.3987827843		0.0005678037822		-0.001134115302		0.0001924639503
1.919191919		0.1422994424		-1.028296801		6.082502802		1.130660797		0.0005741285125		-0.001140458377		0.0001924653172
1.939393939		0.2641549264		-0.9980556749		5.936240012		1.858346163		0.0005803859392		-0.001146734688		0.0001924676798
1.95959596		0.3821475237		-0.9532121077		5.700093531		2.570483012		0.0005864767376		-0.001152844581		0.0001924710566
1.97979798		0.4944617357		-0.8941977754		5.374926911		3.255258148		0.0005922981736		-0.001158684925		0.0001924754484
2		0.5993162877		-0.821686526		4.963337289		3.900645662		0.0005977463044		-0.001164151332		0.0001924808356
