time		x		y		vx		vy		KineticEnergy		PotentialEnergy
0		0.893031		0.450841		-2.912		5.59839		5.973261185e-005		-0.0001184352528
0.01003344482		0.862012103		0.5061122372		-3.265604942		5.407389372		5.985605319e-005		-0.0001190542119
0.02006688963		0.8275004622		0.5593506717		-3.607456447		5.193546645		5.998000316e-005		-0.0001191767626
0.03010033445		0.7896216726		0.6103305645		-3.936048521		4.957549513		6.010466269e-005		-0.0001193000757
0.04013377926		0.7485162109		0.6588332707		-4.249917848		4.700172608		6.02301364e-005		-0.0001194242559
0.05016722408		0.7043390402		0.7046484095		-4.547643368		4.422287652		6.035653243e-005		-0.0001195494097
0.0602006689		0.6572591534		0.7475748289		-4.827852618		4.124861312		6.048396262e-005		-0.0001196756463
0.07023411371		0.6074590545		0.7874215462		-5.089227977		3.808952665		6.061254271e-005		-0.0001198030768
0.08026755853		0.5551341772		0.8240086616		-5.330512782		3.475710261		6.074239251e-005		-0.0001199318151
0.09030100334		0.5004922428		0.8571682404		-5.550517291		3.126368801		6.087363613e-005		-0.0001200619779
0.1003344482		0.4437525594		0.8867451593		-5.748124473		2.762245433		6.100640218e-005		-0.0001201936844
0.110367893		0.3851452635		0.9125979146		-5.922295595		2.384735671		6.1140824e-005		-0.0001203270572
0.1204013378		0.3249105073		0.9345993868		-6.072075597		1.995308966		6.127703988e-005		-0.0001204622218
0.1304347826		0.2632975926		0.9526375594		-6.196598217		1.595503921		6.141519333e-005		-0.0001205993076
0.1404682274		0.2005640548		0.9666161879		-6.295090859		1.186923173		6.15554333e-005		-0.000120738447
0.1505016722		0.1369746991		0.9764554158		-6.366879176		0.7712279614		6.169791451e-005		-0.0001208797768
0.1605351171		0.07280059306		0.9820923343		-6.411391354		0.3501323832		6.184279766e-005		-0.0001210234375
0.1705685619		0.008318016456		0.9834814836		-6.428162075		-0.07460262836		6.199024982e-005		-0.0001211695741
0.1806020067		-0.05619262583		0.9805952916		-6.416836147		-0.5011756008		6.214044467e-005		-0.0001213183363
0.1906354515		-0.1204479263		0.9734244482		-6.377171779		-0.9277510682		6.229356291e-005		-0.0001214698784
0.2006688963		-0.1841626281		0.9619782133		-6.309043496		-1.352466348		6.244979258e-005		-0.0001216243601
0.2107023411		-0.2470508058		0.9462846552		-6.212444668		-1.773438531		6.260932946e-005		-0.0001217819465
0.220735786		-0.3088270696		0.926390818		-6.087489654		-2.188771659		6.277237749e-005		-0.0001219428086
0.2307692308		-0.3692077888		0.9023628159		-5.934415538		-2.596564081		6.293914921e-005		-0.0001221071235
0.2408026756		-0.4279123312		0.8742858532		-5.753583461		-2.994915945		6.310986624e-005		-0.000122275075
0.2508361204		-0.4846643131		0.8422641682		-5.545479522		-3.381936831		6.328475978e-005		-0.0001224468537
0.2608695652		-0.5391928567		0.8064209001		-5.310715258		-3.755753482		6.346407116e-005		-0.0001226226578
0.27090301		-0.5912338501		0.7668978776		-5.050027694		-4.11451762		6.364805243e-005		-0.0001228026933
0.2809364548		-0.6405312051		0.7238553291		-4.764278943		-4.456413823		6.383696701e-005		-0.0001229871748
0.2909698997		-0.6868381098		0.6774715132		-4.454455375		-4.779667446		6.403109037e-005		-0.0001231763255
0.3010033445		-0.7299182695		0.62794227		-4.121666334		-5.082552555		6.423071076e-005		-0.0001233703786
0.3110367893		-0.7695471332		0.5754804921		-3.767142413		-5.36339986		6.443613004e-005		-0.000123569577
0.3210702341		-0.8055131005		0.5203155169		-3.39223328		-5.620604628		6.464766452e-005		-0.0001237741747
0.3311036789		-0.8376187041		0.4626924393		-2.998405059		-5.852634542		6.486564598e-005		-0.0001239844373
0.3411371237		-0.8656817639		0.4028713455		-2.587237268		-6.058037503		6.50904226e-005		-0.0001242006424
0.3511705686		-0.8895365088		0.3411264694		-2.160419308		-6.235449345		6.532236018e-005		-0.0001244230812
0.3612040134		-0.9090346597		0.2777452717		-1.719746529		-6.383601445		6.55618433e-005		-0.0001246520586
0.3712374582		-0.9240464726		0.2130274437		-1.26711584		-6.501328218		6.580927672e-005		-0.0001248878949
0.381270903		-0.9344617334		0.1472838359		-0.8045209048		-6.587574462		6.606508677e-005		-0.0001251309262
0.3913043478		-0.9401907048		0.08083531405		-0.334046906		-6.641402563		6.632972301e-005		-0.0001253815063
0.4013377926		-0.9411650158		0.01401154367		0.1421351137		-6.661999519		6.660365996e-005		-0.0001256400071
0.4113712375		-0.9373384951		-0.05285029502		0.6217743222		-6.648683784		6.688739906e-005		-0.0001259068207
0.4214046823		-0.9286879391		-0.11940686		1.102546581		-6.600911921		6.718147072e-005		-0.0001261823606
0.4314381271		-0.9152138146		-0.185310066		1.582061332		-6.518285032		6.748643672e-005		-0.000126467063
0.4414715719		-0.896940889		-0.2502085663		2.057868886		-6.400554986		6.780289272e-005		-0.0001267613892
0.4515050167		-0.8739187867		-0.3137492965		2.527468111		-6.247630408		6.813147115e-005		-0.0001270658271
0.4615384615		-0.8462224654		-0.3755790762		2.988314504		-6.059582435		6.84728443e-005		-0.0001273808933
0.4715719064		-0.8139526094		-0.4353462684		3.437828665		-5.836650231		6.882772777e-005		-0.0001277071358
0.4816053512		-0.777235937		-0.4927024922		3.87340516		-5.579246249		6.919688436e-005		-0.000128045136
0.491638796		-0.7362254156		-0.5473043872		4.292421768		-5.287961255		6.958112831e-005		-0.0001283955119
0.5016722408		-0.6911003831		-0.5988154271		4.692249135		-4.963569085		6.998133002e-005		-0.0001287589212
0.5117056856		-0.6420665701		-0.6469077802		5.070260826		-4.607031157		7.039842138e-005		-0.0001291360643
0.5217391304		-0.5893560187		-0.6912642129		5.423843781		-4.219500729		7.083340163e-005		-0.0001295276887
0.5317725753		-0.5332268955		-0.7315800356		5.750409209		-3.802326911		7.128734401e-005		-0.0001299345926
0.5418060201		-0.4739631918		-0.7675650873		6.047403914		-3.357058428		7.176140309e-005		-0.0001303576299
0.5518394649		-0.4118743086		-0.7989457566		6.312322093		-2.885447144		7.225682313e-005		-0.0001307977152
0.5618729097		-0.347294521		-0.8254670367		6.542717619		-2.389451354		7.277494742e-005		-0.0001312558295
0.5719063545		-0.2805823163		-0.8468946132		6.736216867		-1.871238855		7.33172288e-005		-0.0001317330271
0.5819397993		-0.2121196006		-0.8630169803		6.890532108		-1.333189797		7.388524165e-005		-0.0001322304421
0.5919732441		-0.1423107689		-0.8736475857		7.003475533		-0.7778993309		7.448069536e-005		-0.0001327492972
0.602006689		-0.07158163006		-0.8786270003		7.072973978		-0.2081800624		7.510544974e-005		-0.0001332909122
0.6120401338		-0.0003781807677		-0.877825112		7.097084425		0.372935677		7.576153253e-005		-0.0001338567149
0.6220735786		0.0708347798		-0.8711433412		7.07401038		0.9621937335		7.645115946e-005		-0.0001344482522
0.6321070234		0.1415752048		-0.8585168766		7.002119241		1.556116197		7.717675723e-005		-0.0001350672037
0.6421404682		0.2113455338		-0.8399169292		6.879960795		2.150999625		7.79409899e-005		-0.0001357153967
0.652173913		0.2796346187		-0.8153530045		6.706287022		2.742913417		7.874678946e-005		-0.0001363948232
0.6622073579		0.3459198553		-0.7848751884		6.480073392		3.327698344		7.959739115e-005		-0.0001371076599
0.6722408027		0.4096695363		-0.7485764491		6.200541904		3.900965237		8.049637453e-005		-0.0001378562906
0.6822742475		0.4703454454		-0.7065949496		5.867186159		4.458093862		8.144771147e-005		-0.0001386433326
0.6923076923		0.5274057134		-0.6591163716		5.479798804		4.994232002		8.245582233e-005		-0.0001394716666
0.7023411371		0.5803079632		-0.6063762472		5.038501776		5.504294803		8.352564214e-005		-0.0001403444722
0.7123745819		0.6285127725		-0.5486622953		4.543779849		5.982964476		8.466269886e-005		-0.0001412652692
0.7224080268		0.6714874919		-0.4863167594		3.996518098		6.424690444		8.587320632e-005		-0.0001422379653
0.7324414716		0.70871046		-0.4197387412		3.398044025		6.823690132		8.716417533e-005		-0.0001432669136
0.7424749164		0.7396756663		-0.3493865226		2.750175272		7.17395061		8.854354707e-005		-0.0001443569795
0.7525083612		0.7638979237		-0.2757798661		2.055274036		7.469231432		9.002035431e-005		-0.0001455136212
0.762541806		0.7809186236		-0.1995022798		1.316309579		7.703069128		9.160491734e-005		-0.0001467429857
0.7725752508		0.7903121627		-0.1212032281		0.5369305594		7.868783988		9.330908382e-005		-0.000148052025
0.7826086957		0.7916931498		-0.04160026		-0.2784506696		7.959490029		9.514652444e-005		-0.0001494486364
0.7926421405		0.7847245239		0.03851897987		-1.124559068		7.968109375		9.713310017e-005		-0.0001509418343
0.8026755853		0.7691267471		0.1182949114		-1.995139812		7.887392805		9.928732219e-005		-0.0001525419619
0.8127090301		0.7446882735		0.1967944208		-2.882818704		7.709948881		0.0001016309331		-0.0001542609533
0.8227424749		0.7112775424		0.2730096047		-3.778934473		7.428285131		0.0001041896486		-0.0001561126621
0.8327759197		0.6688568125		0.3458569987		-4.673335682		7.034866202		0.0001069941133		-0.0001581132768
0.8428093645		0.617498231		0.4141774883		-5.554132704		6.522196078		0.0001100811477		-0.0001602818509
0.8528428094		0.5574026445		0.4767371875		-6.407392216		5.88293472		0.0001134953939		-0.0001626409875
0.8628762542		0.4889217986		0.5322296901		-7.21675747		5.110064367		0.0001172915193		-0.0001652177352
0.872909699		0.4125847689		0.5792802852		-7.96297182		4.197128349		0.0001215372099		-0.0001680447749
0.8829431438		0.3291297219		0.6164530014		-8.62327496		3.138577143		0.0001263173063		-0.0001711620169
0.8929765886		0.239542462		0.6422617663		-9.17062994		1.930275483		0.0001317396254		-0.0001746187877
0.9030100334		0.1451037031		0.6551876265		-9.572723021		0.5702556847		0.0001379433264		-0.0001784768772
0.9130434783		0.04744768563		0.6537050242		-9.79065575		-0.9401449222		0.0001451112187		-0.0001828148795
0.9230769231		-0.05136430528		0.6363218421		-9.777217008		-2.594532958		0.0001534883605		-0.000187734523
0.9331103679		-0.148750649		0.6016408177		-9.474580182		-4.378700555		0.0001634110323		-0.000193370158
0.9431438127		-0.2414896601		0.5484549413		-8.811219088		-6.266159316		0.0001753535016		-0.0001999034281
0.9531772575		-0.3255644099		0.4758984903		-7.697794047		-8.210669479		0.0001900066897		-0.0002075867999
0.9632107023		-0.3959604437		0.3836923431		-6.021805346		-10.13324333		0.00020841714		-0.000216782944
0.9732441472		-0.4464033132		0.2725558148		-3.641242881		-11.89844158		0.0002322473425		-0.0002280340536
0.983277592		-0.4690288627		0.1449276292		-0.3794110759		-13.26859596		0.0002642993873		-0.000242191404
0.9933110368		-0.4540169134		0.006296364024		3.968815938		-13.80910701		0.0003096644047		-0.0002606753305
1.003344482		-0.3893870713		-0.1321781971		9.573820618		-12.67651721		0.0003785281946		-0.0002860407185
1.013377926		-0.2619001117		-0.2480819077		16.2306862		-8.11231308		0.0004938671971		-0.0003232980493
1.023411371		-0.06368768264		-0.2949670884		21.50178688		3.596147545		0.0007128886741		-0.0003827400514
1.033444816		0.1695738725		-0.1759184118		11.89350562		24.18574561		0.00108960865		-0.0004740044321
1.043478261		0.174977982		0.1903655995		-10.63686893		24.83351604		0.001094769749		-0.0004686786412
1.053511706		-0.04387500242		0.3224130138		-20.73361888		5.462466896		0.0006895822444		-0.0003728674511
1.063545151		-0.2410812596		0.2999803199		-16.83873523		-5.645396695		0.0004731202619		-0.0003126081337
1.073578595		-0.3817760438		0.2091274613		-11.44647857		-10.41227882		0.0003591561326		-0.0002743387507
1.08361204		-0.4707764817		0.09103827001		-6.803301656		-12.1344256		0.000290293797		-0.0002476670197
1.093645485		-0.5182971473		-0.03437271788		-3.137658336		-12.36884238		0.0002442497425		-0.0002276950992
1.10367893		-0.5337395252		-0.1571659249		-0.3208949865		-11.86159919		0.0002112007634		-0.0002119452433
1.113712375		-0.5247365115		-0.2723981197		1.81723212		-10.99336162		0.0001862344986		-0.0001990433906
1.123745819		-0.4972733288		-0.3777684993		3.425653439		-9.967887983		0.0001666408385		-0.0001881668674
1.133779264		-0.455994302		-0.4724226277		4.623509589		-8.897248941		0.0001508068194		-0.000178792103
1.143812709		-0.4044938722		-0.5563086118		5.503631564		-7.843402707		0.0001377133896		-0.0001705691632
1.153846154		-0.3455535349		-0.6298153242		6.137853398		-6.839841388		0.0001266850118		-0.000163254647
1.163879599		-0.2813262455		-0.6935629541		6.581762918		-5.903468315		0.0001172558119		-0.0001566735575
1.173913043		-0.2134780248		-0.7482795713		6.878482319		-5.041389976		0.0001090936979		-0.0001506965141
1.183946488		-0.1432964999		-0.7947279703		7.061567621		-4.25492521		0.0001019551887		-0.0001452255419
1.193979933		-0.07177432674		-0.8336626859		7.157208546		-3.542027797		9.565739262e-005		-0.0001401848854
1.204013378		0.0003264140166		-0.8658054512		7.185896826		-2.898773496		9.006000145e-005		-0.0001355148835
1.214046823		0.07242427177		-0.8918320537		7.163696108		-2.320280261		8.505336362e-005		-0.0001311677754
1.224080268		0.1440795132		-0.9123662591		7.103213794		-1.80127761		8.055037084e-005		-0.0001271047614
1.234113712		0.214963679		-0.9279780927		7.01434907		-1.336455307		7.648080849e-005		-0.0001232938995
1.244147157		0.2848356818		-0.9391847602		6.904871902		-0.9206716741		7.278733847e-005		-0.0001197085739
1.254180602		0.3535229814		-0.9464531096		6.780873539		-0.5490720936		6.942258918e-005		-0.0001163263611
1.264214047		0.4209067227		-0.9502029293		6.647118684		-0.2171500229		6.634701139e-005		-0.0001131281773
1.274247492		0.4869099784		-0.9508106351		6.507321944		0.07922855126		6.352727406e-005		-0.0001100976306
1.284280936		0.551488434		-0.9486130587		6.364365641		0.3438235637		6.093504699e-005		-0.0001072205211
1.294314381		0.6146230013		-0.9439111656		6.220471964		0.5800332622		5.854606506e-005		-0.0001044844513
1.304347826		0.6763139583		-0.9369735953		6.077339397		0.790914656		5.63394002e-005		-0.0001018785203
1.314381271		0.7365763002		-0.9280399685		5.936251101		0.9792081716		5.429688866e-005		-9.939307986e-005
1.324414716		0.795436054		-0.917323933		5.798161166		1.147364018		5.240267565e-005		-9.70195391e-005
1.334448161		0.8529273604		-0.9050159414		5.66376337		1.297568673		5.064284995e-005		-9.475020669e-005
1.344481605		0.9090901684		-0.8912857656		5.533546042		1.431770514		4.900514791e-005		-9.257816189e-005
1.35451505		0.9639684181		-0.8762847605		5.407835898		1.551704005		4.747871163e-005		-9.049714879e-005
1.364548495		1.017608615		-0.8601478926		5.28683306		1.658912145		4.605388997e-005		-8.850148859e-005
1.37458194		1.070058714		-0.8429955536		5.170639049		1.754767051		4.472207337e-005		-8.65860066e-005
1.384615385		1.121367258		-0.8249351759		5.059279153		1.840488642		4.347555599e-005		-8.474597092e-005
1.394648829		1.17158271		-0.8060626711		4.952720287		1.917161508		4.230741973e-005		-8.297704061e-005
1.404682274		1.220752949		-0.7864637075		4.850885235		1.985750045		4.12114362e-005		-8.12752217e-005
1.414715719		1.268924889		-0.7662148441		4.753663997		2.047111983		4.018198331e-005		-7.963682955e-005
1.424749164		1.3161442		-0.7453845373		4.660922799		2.102010447		3.921397389e-005		-7.805845644e-005
1.434782609		1.362455112		-0.7240340325		4.572511227		2.151124676		3.830279444e-005		-7.653694362e-005
1.444816054		1.407900278		-0.7022181558		4.488267863		2.195059539		3.744425218e-005		-7.506935697e-005
1.454849498		1.452520688		-0.679986015		4.408024704		2.234353966		3.663452915e-005		-7.365296576e-005
1.464882943		1.496355623		-0.6573816214		4.33161061		2.269488421		3.587014225e-005		-7.228522401e-005
1.474916388		1.53944264		-0.6344444413		4.258853974		2.300891503		3.514790832e-005		-7.096375405e-005
1.484949833		1.581817576		-0.6112098855		4.189584765		2.328945795		3.446491352e-005		-6.968633197e-005
1.494983278		1.623514575		-0.5877097431		4.123636066		2.353993027		3.381848637e-005		-6.845087472e-005
1.505016722		1.664566126		-0.5639725673		4.060845221		2.37633865		3.320617393e-005		-6.725542857e-005
1.515050167		1.705003108		-0.5400240177		4.001054654		2.396255872		3.262572083e-005		-6.609815876e-005
1.525083612		1.744854848		-0.5158871651		3.944112442		2.413989233		3.207505046e-005		-6.497734028e-005
1.535117057		1.784149177		-0.4915827622		3.889872684		2.429757766		3.155224844e-005		-6.389134947e-005
1.545150502		1.822912494		-0.4671294842		3.838195715		2.443757792		3.105554774e-005		-6.283865651e-005
1.555183946		1.861169827		-0.4425441443		3.788948198		2.456165402		3.058331539e-005		-6.181781855e-005
1.565217391		1.898944899		-0.4178418842		3.74200312		2.467138644		3.013404066e-005		-6.082747351e-005
1.575250836		1.93626019		-0.3930363454		3.697239713		2.476819476		2.970632432e-005		-5.98663344e-005
1.585284281		1.973137		-0.3681398211		3.654543329		2.485335482		2.92988691e-005		-5.893318421e-005
1.595317726		2.009595508		-0.3431633926		3.613805265		2.492801407		2.891047102e-005		-5.802687109e-005
1.605351171		2.045654832		-0.3181170504		3.574922565		2.499320515		2.854001158e-005		-5.714630412e-005
1.615384615		2.081333085		-0.2930098036		3.537797802		2.504985797		2.81864507e-005		-5.629044924e-005
1.62541806		2.11664743		-0.2678497769		3.502338845		2.509881044		2.784882036e-005		-5.545832565e-005
1.635451505		2.151614132		-0.2426442977		3.468458623		2.514081802		2.752621879e-005		-5.464900242e-005
1.64548495		2.186248606		-0.2173999749		3.436074883		2.517656222		2.721780518e-005		-5.386159535e-005
1.655518395		2.220565467		-0.1921227682		3.405109951		2.520665822		2.692279495e-005		-5.309526415e-005
1.665551839		2.254578572		-0.166818052		3.375490497		2.523166159		2.664045534e-005		-5.23492097e-005
1.675585284		2.288301062		-0.1414906714		3.347147304		2.525207432		2.637010147e-005		-5.162267165e-005
1.685618729		2.321745407		-0.1161449932		3.320015045		2.526835026		2.611109273e-005		-5.091492607e-005
1.695652174		2.354923438		-0.09078495178		3.29403207		2.528089989		2.58628294e-005		-5.022528338e-005
1.705685619		2.387846385		-0.06541409038		3.269140193		2.529009463		2.562474969e-005		-4.955308632e-005
1.715719064		2.420524913		-0.04003559801		3.245284503		2.529627073		2.539632695e-005		-4.889770812e-005
1.725752508		2.452969151		-0.0146523431		3.222413171		2.529973269		2.517706708e-005		-4.825855078e-005
1.735785953		2.485188723		0.01073309635		3.200477271		2.530075639		2.496650625e-005		-4.76350435e-005
1.745819398		2.517192775		0.03611840551		3.179430611		2.529959183		2.476420872e-005		-4.702664112e-005
1.755852843		2.548990006		0.06150150806		3.159229575		2.529646567		2.456976489e-005		-4.643282275e-005
1.765886288		2.580588686		0.08688054398		3.139832967		2.529158342		2.438278947e-005		-4.585309049e-005
1.775919732		2.611996687		0.1122538494		3.12120187		2.52851315		2.420291979e-005		-4.528696815e-005
1.785953177		2.6432215		0.1376199383		3.103299512		2.527727903		2.402981432e-005		-4.473400014e-005
1.795986622		2.674270256		0.1629774862		3.086091139		2.526817947		2.386315118e-005		-4.419375036e-005
1.806020067		2.70514975		0.1883253152		3.06954389		2.525797209		2.370262685e-005		-4.366580123e-005
1.816053512		2.735866455		0.21366238		3.053626694		2.524678328		2.354795497e-005		-4.314975269e-005
1.826086957		2.76642654		0.2389877565		3.038310156		2.523472778		2.33988652e-005		-4.264522137e-005
1.836120401		2.796835889		0.2643006298		3.023566463		2.522190972		2.325510218e-005		-4.215183967e-005
1.846153846		2.827100115		0.2896002844		3.009369286		2.520842363		2.311642458e-005		-4.166925507e-005
1.856187291		2.857224571		0.3148860952		2.9956937		2.519435531		2.29826042e-005		-4.119712927e-005
1.866220736		2.887214369		0.3401575191		2.982516092		2.51797826		2.285342513e-005		-4.073513762e-005
1.876254181		2.917074392		0.3654140871		2.969814092		2.516477615		2.272868299e-005		-4.028296834e-005
1.886287625		2.946809301		0.3906553977		2.9575665		2.514940003		2.260818423e-005		-3.984032198e-005
1.89632107		2.976423552		0.4158811105		2.945753212		2.513371235		2.249174543e-005		-3.940691078e-005
1.906354515		3.005921406		0.4410909408		2.934355163		2.51177658		2.237919272e-005		-3.898245816e-005
1.91638796		3.035306934		0.466284654		2.923354266		2.51016081		2.227036118e-005		-3.856669818e-005
1.926421405		3.064584033		0.4914620608		2.912733351		2.508528247		2.216509431e-005		-3.8159375e-005
1.936454849		3.093756432		0.5166230134		2.902476121		2.506882805		2.206324354e-005		-3.77602425e-005
1.946488294		3.122827701		0.5417674013		2.892567095		2.505228021		2.196466775e-005		-3.736906376e-005
1.956521739		3.151801257		0.5668951476		2.882991565		2.503567093		2.186923283e-005		-3.698561067e-005
1.966555184		3.180680375		0.5920062059		2.873735556		2.501902908		2.177681131e-005		-3.660966355e-005
1.976588629		3.209468191		0.6171005572		2.864785776		2.50023807		2.168728193e-005		-3.624101075e-005
1.986622074		3.238167714		0.6421782073		2.856129587		2.498574925		2.160052932e-005		-3.587944829e-005
1.996655518		3.266781828		0.6672391844		2.847754966		2.496915583		2.151644366e-005		-3.552477955e-005
2.006688963		3.295313299		0.6922835367		2.839650466		2.495261938		2.143492037e-005		-3.517681491e-005
2.016722408		3.323764781		0.7173113303		2.831805195		2.493615691		2.135585981e-005		-3.48353715e-005
2.026755853		3.352138821		0.7423226476		2.824208775		2.491978361		2.127916703e-005		-3.450027285e-005
2.036789298		3.380437867		0.7673175851		2.816851321		2.490351306		2.120475148e-005		-3.417134866e-005
2.046822742		3.408664266		0.7922962524		2.809723411		2.488735734		2.11325268e-005		-3.384843453e-005
2.056856187		3.436820276		0.8172587704		2.802816066		2.487132718		2.106241058e-005		-3.353137169e-005
2.066889632		3.464908067		0.8422052701		2.796120719		2.485543208		2.099432417e-005		-3.32200068e-005
2.076923077		3.492929722		0.8671358916		2.7896292		2.483968039		2.092819244e-005		-3.291419169e-005
2.086956522		3.520887248		0.8920507826		2.783333712		2.482407944		2.086394363e-005		-3.261378319e-005
2.096989967		3.548782573		0.9169500978		2.777226812		2.480863564		2.080150918e-005		-3.231864288e-005
2.107023411		3.576617552		0.9418339979		2.771301392		2.479335452		2.074082353e-005		-3.202863692e-005
2.117056856		3.604393972		0.9667026487		2.765550664		2.477824083		2.068182399e-005		-3.174363588e-005
2.127090301		3.632113552		0.9915562203		2.75996814		2.476329864		2.062445059e-005		-3.146351453e-005
2.137123746		3.659777948		1.016394887		2.75454762		2.474853134		2.056864594e-005		-3.11881517e-005
2.147157191		3.687388755		1.041218825		2.749283176		2.473394176		2.05143551e-005		-3.091743013e-005
2.157190635		3.71494751		1.066028215		2.744169139		2.471953217		2.046152546e-005		-3.065123626e-005
2.16722408		3.742455694		1.090823237		2.739200084		2.470530439		2.041010662e-005		-3.038946017e-005
2.177257525		3.769914736		1.115604076		2.73437082		2.469125976		2.03600503e-005		-3.013199536e-005
2.18729097		3.797326012		1.140370916		2.729676379		2.467739924		2.03113102e-005		-2.987873868e-005
2.197324415		3.82469085		1.165123941		2.725112002		2.466372344		2.026384195e-005		-2.962959017e-005
2.20735786		3.852010533		1.189863337		2.720673132		2.465023262		2.021760296e-005		-2.938445294e-005
2.217391304		3.879286298		1.214589291		2.716355402		2.463692675		2.01725524e-005		-2.914323307e-005
2.227424749		3.906519337		1.239301986		2.712154627		2.462380554		2.012865107e-005		-2.890583949e-005
2.237458194		3.933710805		1.26400161		2.708066794		2.461086846		2.008586133e-005		-2.867218388e-005
2.247491639		3.960861815		1.288688345		2.704088057		2.459811474		2.004414706e-005		-2.844218055e-005
2.257525084		3.987973442		1.313362375		2.700214725		2.458554345		2.000347354e-005		-2.821574638e-005
2.267558528		4.015046726		1.338023883		2.696443257		2.457315346		1.996380742e-005		-2.799280069e-005
2.277591973		4.042082671		1.362673051		2.692770254		2.45609435		1.992511665e-005		-2.777326517e-005
2.287625418		4.069082249		1.387310058		2.689192455		2.454891213		1.98873704e-005		-2.75570638e-005
2.297658863		4.096046399		1.411935082		2.685706726		2.453705784		1.985053904e-005		-2.734412276e-005
2.307692308		4.12297603		1.436548301		2.682310059		2.452537895		1.981459407e-005		-2.713437034e-005
2.317725753		4.149872019		1.461149889		2.678999561		2.451387374		1.977950806e-005		-2.692773691e-005
2.327759197		4.176735218		1.485740021		2.675772455		2.450254036		1.974525461e-005		-2.672415478e-005
2.337792642		4.20356645		1.510318866		2.67262607		2.449137691		1.971180831e-005		-2.65235582e-005
2.347826087		4.230366511		1.534886596		2.669557837		2.448038142		1.967914469e-005		-2.632588324e-005
2.357859532		4.257136172		1.559443378		2.666565287		2.446955188		1.964724019e-005		-2.613106777e-005
2.367892977		4.283876182		1.583989376		2.663646044		2.445888621		1.961607209e-005		-2.593905137e-005
2.377926421		4.310587263		1.608524755		2.660797822		2.44483823		1.958561853e-005		-2.574977527e-005
2.387959866		4.337270118		1.633049675		2.658018419		2.443803802		1.95558584e-005		-2.556318234e-005
2.397993311		4.363925426		1.657564296		2.655305717		2.44278512		1.952677139e-005		-2.537921697e-005
2.408026756		4.390553845		1.682068774		2.652657677		2.441781965		1.949833787e-005		-2.519782505e-005
2.418060201		4.417156014		1.706563265		2.650072334		2.440794118		1.947053895e-005		-2.501895394e-005
2.428093645		4.443732554		1.73104792		2.647547794		2.439821358		1.944335637e-005		-2.48425524e-005
2.43812709		4.470284064		1.755522891		2.645082233		2.438863463		1.941677252e-005		-2.466857053e-005
2.448160535		4.496811127		1.779988324		2.642673894		2.437920212		1.93907704e-005		-2.449695977e-005
2.45819398		4.523314309		1.804444367		2.640321082		2.436991383		1.936533362e-005		-2.43276728e-005
2.468227425		4.549794159		1.828891162		2.638022161		2.436076755		1.934044632e-005		-2.416066357e-005
2.47826087		4.576251209		1.85332885		2.635775557		2.435176109		1.93160932e-005		-2.399588718e-005
2.488294314		4.602685976		1.877757572		2.633579747		2.434289226		1.929225947e-005		-2.38332999e-005
2.498327759		4.629098963		1.902177463		2.631433265		2.433415886		1.926893085e-005		-2.367285914e-005
2.508361204		4.655490657		1.92658866		2.629334694		2.432555875		1.924609353e-005		-2.351452336e-005
2.518394649		4.681861532		1.950991294		2.627282668		2.431708978		1.922373415e-005		-2.335825207e-005
2.528428094		4.708212048		1.975385495		2.625275865		2.430874982		1.920183982e-005		-2.320400583e-005
2.538461538		4.734542653		1.999771394		2.623313013		2.430053676		1.918039804e-005		-2.305174614e-005
2.548494983		4.760853781		2.024149114		2.621392878		2.429244851		1.915939675e-005		-2.290143548e-005
2.558528428		4.787145855		2.048518782		2.619514272		2.428448302		1.913882427e-005		-2.275303727e-005
2.568561873		4.813419285		2.072880518		2.617676045		2.427663824		1.911866928e-005		-2.260651579e-005
2.578595318		4.839674471		2.097234444		2.615877086		2.426891216		1.909892086e-005		-2.246183622e-005
2.588628763		4.865911802		2.121580677		2.61411632		2.426130279		1.90795684e-005		-2.231896457e-005
2.598662207		4.892131655		2.145919332		2.612392709		2.425380816		1.906060166e-005		-2.217786768e-005
2.608695652		4.918334398		2.170250526		2.610705249		2.424642634		1.90420107e-005		-2.203851318e-005
2.618729097		4.944520389		2.194574369		2.609052968		2.42391554		1.90237859e-005		-2.190086946e-005
2.628762542		4.970689976		2.218890971		2.607434926		2.423199347		1.900591796e-005		-2.176490569e-005
2.638795987		4.996843498		2.243200442		2.605850214		2.422493869		1.898839783e-005		-2.163059174e-005
2.648829431		5.022981284		2.267502888		2.60429795		2.421798924		1.897121676e-005		-2.149789819e-005
2.658862876		5.049103657		2.291798414		2.602777284		2.42111433		1.895436628e-005		-2.136679632e-005
2.668896321		5.075210929		2.316087123		2.60128739		2.42043991		1.893783817e-005		-2.123725806e-005
2.678929766		5.101303404		2.340369115		2.59982747		2.41977549		1.892162444e-005		-2.1109256e-005
2.688963211		5.12738138		2.36464449		2.598396748		2.419120898		1.890571737e-005		-2.098276335e-005
2.698996656		5.153445145		2.388913347		2.596994477		2.418475964		1.889010945e-005		-2.085775394e-005
2.7090301		5.179494981		2.41317578		2.595619929		2.417840524		1.887479342e-005		-2.073420218e-005
2.719063545		5.205531163		2.437431886		2.594272401		2.417214412		1.88597622e-005		-2.061208309e-005
2.72909699		5.231553959		2.461681755		2.592951211		2.416597468		1.884500895e-005		-2.04913722e-005
2.739130435		5.257563629		2.48592548		2.591655697		2.415989535		1.883052702e-005		-2.037204564e-005
2.74916388		5.283560428		2.510163151		2.590385219		2.415390456		1.881630995e-005		-2.025408003e-005
2.759197324		5.309544604		2.534394854		2.589139154		2.41480008		1.880235148e-005		-2.013745253e-005
2.769230769		5.335516398		2.558620677		2.587916901		2.414218256		1.878864551e-005		-2.002214079e-005
2.779264214		5.361476046		2.582840705		2.586717873		2.413644836		1.877518613e-005		-1.990812296e-005
2.789297659		5.38742378		2.607055022		2.585541505		2.413079677		1.87619676e-005		-1.979537766e-005
2.799331104		5.413359822		2.631263709		2.584387244		2.412522636		1.874898434e-005		-1.968388398e-005
2.809364548		5.439284393		2.655466847		2.583254558		2.411973573		1.873623094e-005		-1.957362143e-005
2.819397993		5.465197706		2.679664516		2.582142926		2.411432351		1.872370211e-005		-1.946457001e-005
2.829431438		5.49109997		2.703856794		2.581051846		2.410898835		1.871139274e-005		-1.93567101e-005
2.839464883		5.516991389		2.728043757		2.579980829		2.410372894		1.869929785e-005		-1.925002252e-005
2.849498328		5.542872161		2.752225481		2.578929401		2.409854398		1.868741261e-005		-1.91444885e-005
2.859531773		5.568742481		2.776402039		2.577897099		2.409343218		1.867573229e-005		-1.904008965e-005
2.869565217		5.594602538		2.800573505		2.576883476		2.408839231		1.866425233e-005		-1.893680797e-005
2.879598662		5.620452517		2.82473995		2.575888097		2.408342313		1.865296828e-005		-1.883462584e-005
2.889632107		5.6462926		2.848901445		2.57491054		2.407852344		1.86418758e-005		-1.873352599e-005
2.899665552		5.672122963		2.873058058		2.573950392		2.407369205		1.863097067e-005		-1.863349151e-005
2.909698997		5.697943778		2.897209857		2.573007256		2.406892781		1.86202488e-005		-1.853450586e-005
2.919732441		5.723755215		2.921356909		2.572080742		2.406422957		1.860970619e-005		-1.843655281e-005
2.929765886		5.749557439		2.945499281		2.571170474		2.405959623		1.859933897e-005		-1.833961646e-005
2.939799331		5.775350609		2.969637036		2.570276084		2.405502667		1.858914334e-005		-1.824368125e-005
2.949832776		5.801134885		2.993770237		2.569397215		2.405051982		1.857911563e-005		-1.814873193e-005
2.959866221		5.82691042		3.017898948		2.56853352		2.404607464		1.856925225e-005		-1.805475353e-005
2.969899666		5.852677364		3.04202323		2.567684661		2.404169007		1.85595497e-005		-1.79617314e-005
2.97993311		5.878435864		3.066143143		2.566850311		2.403736511		1.85500046e-005		-1.786965119e-005
2.989966555		5.904186066		3.090258745		2.566030148		2.403309876		1.854061362e-005		-1.777849881e-005
