time		x		y		vx		vy		KineticEnergy		PotentialEnergy
0		0.00220805		0.00574628		-0.00191464		0.00200097		3.834874747e-006		-0.0001184352528
0.01003344482		0.002188849652		0.005766360158		-0.001913599561		0.002001580382		3.834093652e-006		-0.0001190530323
0.02006688963		0.002169654885		0.005786445947		-0.001912576374		0.002002220379		3.833417415e-006		-0.0001191743804
0.03010033445		0.002150470193		0.005806538494		-0.001911593315		0.002002926361		3.832951506e-006		-0.000119295278
0.04013377926		0.002131295153		0.005826638449		-0.001910654753		0.002003695925		3.832699472e-006		-0.000119415618
0.05016722408		0.002112129295		0.005846746439		-0.001909764921		0.002004526367		3.832664005e-006		-0.0001195352923
0.0602006689		0.002092972111		0.005866863058		-0.001908927898		0.002005414694		3.832846906e-006		-0.0001196541921
0.07023411371		0.00207382305		0.005886988874		-0.001908147586		0.002006357625		3.833249065e-006		-0.000119772208
0.08026755853		0.002054681524		0.005907124416		-0.001907427691		0.00200735161		3.833870441e-006		-0.0001198892299
0.09030100334		0.002035546909		0.005927270177		-0.001906771701		0.002008392831		3.834710043e-006		-0.0001200051477
0.1003344482		0.002016418547		0.005947426613		-0.001906182868		0.002009477223		3.835765919e-006		-0.0001201198506
0.110367893		0.001997295748		0.005967594135		-0.001905664188		0.002010600482		3.837035149e-006		-0.000120233228
0.1204013378		0.001978177794		0.005987773111		-0.001905218383		0.002011758086		3.838513841e-006		-0.0001203451691
0.1304347826		0.001959063941		0.006007963862		-0.001904847883		0.002012945306		3.840197132e-006		-0.0001204555635
0.1404682274		0.001939953421		0.006028166662		-0.001904554813		0.002014157232		3.842079195e-006		-0.0001205643009
0.1505016722		0.001920845449		0.006048381733		-0.001904340972		0.002015388788		3.844153251e-006		-0.0001206712717
0.1605351171		0.001901739221		0.006068609246		-0.001904207825		0.002016634753		3.846411584e-006		-0.0001207763668
0.1705685619		0.001882633921		0.00608884932		-0.001904156489		0.002017889789		3.848845566e-006		-0.000120879478
0.1806020067		0.001863528723		0.006109102018		-0.001904187719		0.002019148457		3.85144568e-006		-0.0001209804979
0.1906354515		0.001844422796		0.006129367349		-0.001904301903		0.002020405249		3.854201556e-006		-0.0001210793206
0.2006688963		0.001825315307		0.006149645267		-0.001904499055		0.00202165461		3.857102006e-006		-0.0001211758412
0.2107023411		0.001806205424		0.006169935669		-0.001904778804		0.002022890962		3.860135068e-006		-0.0001212699565
0.220735786		0.001787092321		0.006190238397		-0.001905140396		0.002024108738		3.863288055e-006		-0.0001213615649
0.2307692308		0.001767975182		0.006210553236		-0.00190558269		0.002025302403		3.866547605e-006		-0.0001214505666
0.2408026756		0.001748853203		0.006230879917		-0.001906104158		0.002026466485		3.869899738e-006		-0.000121536864
0.2508361204		0.0017297256		0.006251218115		-0.001906702891		0.002027595603		3.873329922e-006		-0.0001216203617
0.2608695652		0.001710591607		0.006271567454		-0.001907376598		0.002028684495		3.876823133e-006		-0.0001217009665
0.27090301		0.001691450484		0.006291927503		-0.001908122617		0.002029728044		3.880363929e-006		-0.000121778588
0.2809364548		0.001672301521		0.006312297783		-0.001908937925		0.00203072131		3.883936521e-006		-0.0001218531385
0.2909698997		0.001653144038		0.006332677764		-0.001909819145		0.002031659553		3.887524852e-006		-0.0001219245331
0.3010033445		0.001633977391		0.006353066871		-0.001910762563		0.002032538258		3.891112671e-006		-0.00012199269
0.3110367893		0.001614800976		0.006373464484		-0.001911764142		0.002033353168		3.894683619e-006		-0.0001220575309
0.3210702341		0.001595614231		0.006393869944		-0.00191281954		0.0020341003		3.89822131e-006		-0.0001221189807
0.3311036789		0.001576416638		0.006414282551		-0.00191392413		0.002034775973		3.901709417e-006		-0.0001221769679
0.3411371237		0.001557207727		0.006434701569		-0.00191507302		0.002035376827		3.905131751e-006		-0.0001222314247
0.3511705686		0.001537987079		0.006455126233		-0.001916261078		0.002035899848		3.908472356e-006		-0.0001222822872
0.3612040134		0.001518754327		0.006475555747		-0.001917482956		0.002036342379		3.911715585e-006		-0.0001223294956
0.3712374582		0.00149950916		0.006495989291		-0.001918733114		0.002036702142		3.914846188e-006		-0.0001223729941
0.381270903		0.001480251322		0.006516426024		-0.001920005853		0.002036977251		3.917849397e-006		-0.0001224127311
0.3913043478		0.001460980614		0.006536865088		-0.001921295338		0.002037166223		3.920710998e-006		-0.0001224486595
0.4013377926		0.0014416969		0.006557305613		-0.001922595633		0.002037267992		3.923417419e-006		-0.0001224807366
0.4113712375		0.0014224001		0.00657774672		-0.001923900728		0.002037281911		3.925955798e-006		-0.0001225089244
0.4214046823		0.001403090196		0.006598187525		-0.001925204573		0.002037207762		3.928314057e-006		-0.0001225331892
0.4314381271		0.001383767232		0.006618627143		-0.001926501107		0.002037045757		3.930480965e-006		-0.0001225535024
0.4414715719		0.001364431311		0.006639064697		-0.001927784292		0.002036796538		3.932446208e-006		-0.0001225698399
0.4515050167		0.001345082598		0.006659499315		-0.001929048146		0.002036461176		3.934200437e-006		-0.0001225821826
0.4615384615		0.001325721315		0.006679930139		-0.001930286772		0.002036041167		3.935735327e-006		-0.0001225905162
0.4715719064		0.001306347746		0.006700356328		-0.00193149439		0.002035538421		3.93704362e-006		-0.0001225948312
0.4816053512		0.00128696223		0.006720777064		-0.00193266537		0.002034955256		3.938119163e-006		-0.0001225951233
0.491638796		0.001267565163		0.006741191551		-0.001933794259		0.002034294387		3.938956945e-006		-0.0001225913929
0.5016722408		0.001248156994		0.006761599025		-0.001934875814		0.002033558906		3.939553121e-006		-0.0001225836454
0.5117056856		0.001228738224		0.006781998753		-0.001935905024		0.002032752273		3.939905032e-006		-0.000122571891
0.5217391304		0.001209309402		0.00680239004		-0.00193687714		0.002031878289		3.940011218e-006		-0.0001225561448
0.5317725753		0.001189871124		0.00682277223		-0.0019377877		0.002030941082		3.939871426e-006		-0.000122536427
0.5418060201		0.00117042403		0.006843144711		-0.00193863255		0.002029945083		3.939486602e-006		-0.0001225127623
0.5518394649		0.001150968799		0.006863506914		-0.001939407865		0.002028895		3.938858893e-006		-0.0001224851801
0.5618729097		0.001131506146		0.006883858323		-0.00194011017		0.002027795791		3.937991621e-006		-0.0001224537147
0.5719063545		0.001112036822		0.006904198469		-0.001940736357		0.002026652641		3.936889268e-006		-0.0001224184048
0.5819397993		0.001092561604		0.006924526937		-0.001941283695		0.002025470934		3.935557444e-006		-0.0001223792937
0.5919732441		0.001073081296		0.00694484337		-0.001941749849		0.002024256217		3.934002853e-006		-0.0001223364289
0.602006689		0.001053596724		0.006965147464		-0.001942132885		0.002023014177		3.932233253e-006		-0.0001222898623
0.6120401338		0.00103410873		0.006985438972		-0.001942431281		0.00202175061		3.930257406e-006		-0.0001222396501
0.6220735786		0.00101461817		0.00700571771		-0.00194264393		0.002020471386		3.928085029e-006		-0.0001221858522
0.6321070234		0.0009951259089		0.007025983549		-0.001942770141		0.002019182421		3.925726735e-006		-0.0001221285327
0.6421404682		0.0009756328161		0.007046236421		-0.001942809647		0.002017889645		3.923193972e-006		-0.0001220677594
0.652173913		0.0009561397621		0.007066476318		-0.001942762592		0.002016598974		3.920498956e-006		-0.0001220036035
0.6622073579		0.0009366476136		0.00708670329		-0.001942629537		0.002015316275		3.917654603e-006		-0.00012193614
0.6722408027		0.0009171572296		0.007106917447		-0.001942411445		0.002014047342		3.914674458e-006		-0.0001218654469
0.6822742475		0.0008976694575		0.007127118956		-0.001942109678		0.002012797862		3.911572617e-006		-0.0001217916056
0.6923076923		0.0008781851291		0.007147308039		-0.001941725984		0.00201157339		3.90836365e-006		-0.0001217147003
0.7023411371		0.0008587050565		0.007167484977		-0.001941262483		0.002010379323		3.905062524e-006		-0.0001216348181
0.7123745819		0.0008392300291		0.007187650099		-0.001940721653		0.002009220873		3.901684526e-006		-0.0001215520487
0.7224080268		0.0008197608093		0.00720780379		-0.001940106316		0.002008103044		3.898245175e-006		-0.0001214664845
0.7324414716		0.0008002981298		0.007227946481		-0.001939419614		0.002007030609		3.894760152e-006		-0.0001213782198
0.7424749164		0.00078084269		0.007248078652		-0.001938664996		0.002006008089		3.891245211e-006		-0.0001212873513
0.7525083612		0.0007613951532		0.007268200824		-0.001937846194		0.002005039737		3.887716108e-006		-0.0001211939776
0.762541806		0.0007419561443		0.007288313563		-0.001936967199		0.002004129514		3.884188518e-006		-0.0001210981992
0.7725752508		0.0007225262463		0.00730841747		-0.001936032242		0.002003281081		3.880677965e-006		-0.0001210001179
0.7826086957		0.0007031059989		0.007328513183		-0.001935045769		0.002002497781		3.877199745e-006		-0.0001208998372
0.7926421405		0.0006836958964		0.007348601372		-0.001934012414		0.002001782629		3.873768855e-006		-0.0001207974618
0.8026755853		0.0006642963853		0.007368682734		-0.001932936977		0.002001138302		3.870399932e-006		-0.0001206930975
0.8127090301		0.0006449078634		0.007388757994		-0.001931824399		0.002000567132		3.86710718e-006		-0.0001205868509
0.8227424749		0.0006255306783		0.007408827894		-0.001930679733		0.002000071098		3.863904315e-006		-0.0001204788297
0.8327759197		0.0006061651263		0.0074288932		-0.001929508123		0.001999651826		3.86080451e-006		-0.0001203691418
0.8428093645		0.0005868114517		0.007448954687		-0.001928314774		0.001999310581		3.857820334e-006		-0.0001202578958
0.8528428094		0.0005674698465		0.007469013144		-0.001927104931		0.001999048276		3.854963712e-006		-0.0001201452007
0.8628762542		0.0005481404498		0.007489069368		-0.001925883853		0.001998865464		3.852245878e-006		-0.0001200311655
0.872909699		0.0005288233478		0.007509124157		-0.001924656785		0.001998762347		3.849677331e-006		-0.0001199158992
0.8829431438		0.0005095185745		0.007529178311		-0.001923428943		0.001998738782		3.847267807e-006		-0.0001197995107
0.8929765886		0.0004902261115		0.007549232628		-0.00192220548		0.001998794281		3.845026242e-006		-0.0001196821089
0.9030100334		0.0004709458893		0.007569287896		-0.001920991474		0.001998928027		3.842960749e-006		-0.000119563802
0.9130434783		0.0004516777876		0.007589344896		-0.001919791901		0.001999138878		3.841078597e-006		-0.0001194446978
0.9230769231		0.0004324216371		0.007609404395		-0.001918611616		0.00199942538		3.839386191e-006		-0.0001193249036
0.9331103679		0.0004131772201		0.007629467144		-0.001917455335		0.001999785778		3.837889061e-006		-0.0001192045259
0.9431438127		0.0003939442725		0.007649533875		-0.001916327618		0.002000218031		3.836591855e-006		-0.0001190836704
0.9531772575		0.0003747224853		0.007669605298		-0.001915232847		0.002000719822		3.835498332e-006		-0.0001189624419
0.9632107023		0.0003555115063		0.007689682099		-0.001914175218		0.002001288576		3.834611364e-006		-0.0001188409441
0.9732441472		0.0003363109424		0.007709764935		-0.001913158721		0.002001921475		3.833932942e-006		-0.0001187192797
0.983277592		0.0003171203614		0.007729854436		-0.001912187129		0.002002615475		3.833464178e-006		-0.0001185975501
0.9933110368		0.0002979392944		0.007749951199		-0.001911263986		0.00200336732		3.833205323e-006		-0.0001184758555
1.003344482		0.0002787672379		0.007770055787		-0.001910392599		0.002004173563		3.833155777e-006		-0.0001183542949
1.013377926		0.0002596036569		0.007790168729		-0.001909576024		0.002005030581		3.833314111e-006		-0.0001182329656
1.023411371		0.0002404479866		0.007810290515		-0.001908817062		0.002005934593		3.833678083e-006		-0.0001181119637
1.033444816		0.0002212996356		0.007830421597		-0.001908118251		0.00200688168		3.834244668e-006		-0.0001179913837
1.043478261		0.0002021579883		0.007850562388		-0.001907481863		0.002007867802		3.835010083e-006		-0.0001178713184
1.053511706		0.0001830224076		0.007870713259		-0.001906909895		0.002008888816		3.835969811e-006		-0.0001177518592
1.063545151		0.0001638922379		0.007890874538		-0.001906404071		0.002009940495		3.837118638e-006		-0.0001176330957
1.073578595		0.0001447668075		0.007911046513		-0.00190596584		0.002011018545		3.838450686e-006		-0.0001175151157
1.08361204		0.0001256454317		0.007931229425		-0.001905596372		0.002012118623		3.839959443e-006		-0.0001173980056
1.093645485		0.0001065274154		0.007951423475		-0.00190529656		0.002013236356		3.841637804e-006		-0.0001172818497
1.10367893		8.741205592e-005		0.007971628817		-0.001905067026		0.002014367355		3.843478107e-006		-0.0001171667307
1.113712375		6.829864566e-005		0.007991845562		-0.001904908117		0.002015507234		3.845472171e-006		-0.0001170527295
1.123745819		4.918647498e-005		0.008012073778		-0.001904819911		0.002016651626		3.847611338e-006		-0.0001169399249
1.133779264		3.007483473e-005		0.008032313488		-0.001904802226		0.0020177962		3.849886512e-006		-0.0001168283943
1.143812709		1.096301895e-005		0.008052564672		-0.001904854617		0.002018936672		3.852288198e-006		-0.0001167182128
1.153846154		-8.149672621e-006		0.008072827267		-0.001904976388		0.002020068825		3.854806549e-006		-0.0001166094541
1.163879599		-2.726393199e-005		0.00809310117		-0.0019051666		0.002021188519		3.857431401e-006		-0.0001165021895
1.173913043		-4.638044052e-005		0.008113386234		-0.001905424072		0.002022291706		3.86015232e-006		-0.0001163964889
1.183946488		-6.549986655e-005		0.008133682274		-0.001905747397		0.002023374443		3.862958639e-006		-0.00011629242
1.193979933		-8.462286319e-005		0.008153989066		-0.001906134943		0.002024432904		3.865839503e-006		-0.0001161900489
1.204013378		-0.0001037500661		0.008174306346		-0.00190658487		0.002025463391		3.868783907e-006		-0.0001160894395
1.214046823		-0.0001228820914		0.008194633816		-0.001907095134		0.002026462343		3.871780738e-006		-0.0001159906542
1.224080268		-0.0001420195337		0.008214971142		-0.0019076635		0.002027426349		3.874818815e-006		-0.0001158937534
1.234113712		-0.0001611629643		0.008235317957		-0.001908287551		0.002028352157		3.877886926e-006		-0.0001157987954
1.244147157		-0.0001803129293		0.008255673861		-0.001908964703		0.002029236679		3.880973867e-006		-0.0001157058371
1.254180602		-0.0001994699483		0.008276038425		-0.001909692208		0.002030077002		3.884068482e-006		-0.0001156149333
1.264214047		-0.0002186345121		0.008296411192		-0.001910467176		0.002030870394		3.887159694e-006		-0.0001155261371
1.274247492		-0.0002378070822		0.008316791678		-0.001911286577		0.002031614311		3.890236544e-006		-0.0001154394997
1.284280936		-0.0002569880889		0.008337179372		-0.001912147259		0.002032306401		3.893288223e-006		-0.0001153550707
1.294314381		-0.0002761779302		0.008357573746		-0.001913045958		0.00203294451		3.896304108e-006		-0.0001152728977
1.304347826		-0.000295376971		0.008377974246		-0.001913979309		0.002033526686		3.899273788e-006		-0.0001151930267
1.314381271		-0.0003145855418		0.008398380301		-0.001914943859		0.002034051183		3.9021871e-006		-0.0001151155019
1.324414716		-0.0003338039381		0.008418791326		-0.001915936081		0.002034516463		3.905034154e-006		-0.000115040366
1.334448161		-0.0003530324197		0.008439206719		-0.001916952383		0.002034921199		3.907805362e-006		-0.0001149676597
1.344481605		-0.00037227121		0.008459625865		-0.001917989119		0.002035264275		3.910491464e-006		-0.0001148974222
1.35451505		-0.0003915204956		0.008480048142		-0.001919042606		0.002035544788		3.913083554e-006		-0.000114829691
1.364548495		-0.0004107804261		0.008500472918		-0.001920109131		0.00203576205		3.915573101e-006		-0.000114764502
1.37458194		-0.0004300511137		0.008520899555		-0.001921184966		0.002035915585		3.917951972e-006		-0.0001147018893
1.384615385		-0.0004493326328		0.008541327411		-0.001922266376		0.002036005129		3.920212452e-006		-0.0001146418857
1.394648829		-0.0004686250209		0.008561755845		-0.001923349634		0.002036030628		3.922347266e-006		-0.0001145845222
1.404682274		-0.0004879282776		0.008582184213		-0.001924431029		0.002035992238		3.92434959e-006		-0.0001145298282
1.414715719		-0.0005072423659		0.008602611876		-0.001925506879		0.002035890323		3.926213073e-006		-0.0001144778317
1.424749164		-0.0005265672117		0.0086230382		-0.001926573542		0.002035725446		3.927931851e-006		-0.000114428559
1.434782609		-0.0005459027046		0.008643462554		-0.001927627423		0.002035498374		3.929500556e-006		-0.000114382035
1.444816054		-0.0005652486984		0.008663884321		-0.001928664989		0.002035210068		3.93091433e-006		-0.0001143382831
1.454849498		-0.000584605012		0.00868430289		-0.001929682775		0.002034861682		3.932168839e-006		-0.0001142973252
1.464882943		-0.0006039714297		0.008704717665		-0.001930677396		0.002034454556		3.933260274e-006		-0.0001142591816
1.474916388		-0.0006233477023		0.008725128065		-0.001931645555		0.002033990212		3.934185367e-006		-0.0001142238712
1.484949833		-0.0006427335479		0.008745533523		-0.001932584052		0.002033470349		3.93494139e-006		-0.0001141914116
1.494983278		-0.0006621286531		0.00876593349		-0.001933489794		0.002032896836		3.935526164e-006		-0.0001141618186
1.505016722		-0.0006815326742		0.008786327439		-0.0019343598		0.002032271705		3.935938059e-006		-0.000114135107
1.515050167		-0.0007009452378		0.008806714862		-0.001935191214		0.002031597146		3.936175999e-006		-0.0001141112899
1.525083612		-0.0007203659427		0.008827095275		-0.001935981309		0.0020308755		3.936239462e-006		-0.000114090379
1.535117057		-0.000739794361		0.008847468217		-0.001936727494		0.00203010925		3.936128477e-006		-0.0001140723848
1.545150502		-0.0007592300396		0.008867833253		-0.001937427324		0.002029301016		3.935843624e-006		-0.000114057316
1.555183946		-0.0007786725013		0.008888189976		-0.001938078501		0.002028453545		3.935386031e-006		-0.0001140451804
1.565217391		-0.0007981212469		0.008908538006		-0.001938678889		0.002027569702		3.934757366e-006		-0.000114035984
1.575250836		-0.0008175757566		0.008928876994		-0.00193922651		0.002026652466		3.933959838e-006		-0.0001140297316
1.585284281		-0.0008370354913		0.008949206618		-0.001939719554		0.002025704917		3.932996181e-006		-0.0001140264266
1.595317726		-0.0008564998948		0.008969526591		-0.001940156387		0.002024730229		3.931869654e-006		-0.0001140260711
1.605351171		-0.0008759683954		0.008989836656		-0.001940535549		0.002023731661		3.930584026e-006		-0.0001140286655
1.615384615		-0.0008954404075		0.00901013659		-0.001940855762		0.002022712546		3.929143567e-006		-0.0001140342092
1.62541806		-0.0009149153337		0.009030426205		-0.001941115934		0.002021676286		3.927553038e-006		-0.0001140427
1.635451505		-0.0009343925667		0.009050705345		-0.001941315159		0.002020626338		3.925817674e-006		-0.0001140541342
1.64548495		-0.0009538714908		0.009070973891		-0.001941452726		0.002019566206		3.923943174e-006		-0.0001140685071
1.655518395		-0.0009733514843		0.009091231758		-0.001941528113		0.00201849943		3.921935682e-006		-0.0001140858121
1.665551839		-0.0009928319212		0.009111478896		-0.001941540997		0.002017429579		3.919801775e-006		-0.0001141060417
1.675585284		-0.001012312173		0.009131715294		-0.001941491249		0.002016360238		3.917548441e-006		-0.0001141291864
1.685618729		-0.001031791612		0.009151940975		-0.001941378941		0.002015294999		3.915183063e-006		-0.0001141552359
1.695652174		-0.00105126961		0.009172155997		-0.001941204342		0.002014237449		3.912713399e-006		-0.0001141841779
1.705685619		-0.001070745545		0.009192360455		-0.001940967918		0.002013191164		3.910147561e-006		-0.0001142159991
1.715719064		-0.001090218799		0.009212554481		-0.001940670336		0.002012159695		3.907493994e-006		-0.0001142506845
1.725752508		-0.001109688762		0.009232738242		-0.001940312459		0.002011146557		3.904761455e-006		-0.0001142882176
1.735785953		-0.001129154835		0.009252911937		-0.001939895346		0.002010155221		3.901958983e-006		-0.0001143285805
1.745819398		-0.001148616428		0.009273075805		-0.001939420252		0.002009189104		3.899095885e-006		-0.0001143717539
1.755852843		-0.001168072967		0.009293230113		-0.001938888621		0.002008251557		3.896181699e-006		-0.0001144177168
1.765886288		-0.001187523892		0.009313375167		-0.001938302088		0.002007345853		3.893226178e-006		-0.0001144664468
1.775919732		-0.001206968661		0.009333511301		-0.001937662473		0.002006475182		3.890239256e-006		-0.0001145179199
1.785953177		-0.001226406751		0.009353638883		-0.001936971778		0.002005642635		3.887231024e-006		-0.0001145721105
1.795986622		-0.00124583766		0.009373758311		-0.001936232183		0.002004851198		3.884211697e-006		-0.0001146289914
1.806020067		-0.001265260909		0.009393870011		-0.00193544604		0.002004103742		3.881191592e-006		-0.000114688534
1.816053512		-0.001284676042		0.009413974439		-0.001934615867		0.002003403011		3.878181089e-006		-0.0001147507079
1.826086957		-0.001304082632		0.009434072078		-0.001933744346		0.002002751611		3.875190606e-006		-0.000114815481
1.836120401		-0.001323480277		0.009454163435		-0.001932834311		0.002002152008		3.872230568e-006		-0.0001148828197
1.846153846		-0.001342868605		0.009474249041		-0.001931888744		0.00200160651		3.86931137e-006		-0.0001149526888
1.856187291		-0.001362247275		0.009494329452		-0.001930910768		0.002001117265		3.866443351e-006		-0.000115025051
1.866220736		-0.001381615978		0.009514405241		-0.001929903638		0.002000686247		3.863636756e-006		-0.0001150998677
1.876254181		-0.001400974438		0.009534477002		-0.001928870732		0.002000315253		3.860901707e-006		-0.0001151770984
1.886287625		-0.001420322414		0.009554545346		-0.001927815543		0.00200000589		3.858248165e-006		-0.0001152567009
1.89632107		-0.0014396597		0.009574610899		-0.001926741668		0.001999759572		3.855685901e-006		-0.0001153386311
1.906354515		-0.001458986126		0.009594674301		-0.001925652799		0.00199957751		3.853224461e-006		-0.0001154228432
1.91638796		-0.001478301562		0.0096147362		-0.001924552711		0.001999460707		3.850873128e-006		-0.0001155092896
1.926421405		-0.001497605913		0.009634797258		-0.001923445254		0.001999409949		3.848640895e-006		-0.0001155979208
1.936454849		-0.001516899126		0.009654858139		-0.001922334337		0.001999425805		3.846536426e-006		-0.0001156886855
1.946488294		-0.001536181184		0.009674919515		-0.001921223921		0.001999508614		3.844568027e-006		-0.0001157815306
1.956521739		-0.001555452114		0.009694982058		-0.001920118003		0.001999658489		3.842743609e-006		-0.0001158764009
1.966555184		-0.00157471198		0.009715046441		-0.001919020602		0.001999875307		3.841070658e-006		-0.0001159732396
1.976588629		-0.001593960889		0.009735113335		-0.001917935752		0.002000158708		3.839556202e-006		-0.0001160719879
1.986622074		-0.001613198985		0.009755183405		-0.00191686748		0.002000508092		3.838206781e-006		-0.0001161725849
1.996655518		-0.001632426457		0.00977525731		-0.001915819801		0.002000922618		3.837028415e-006		-0.000116274968
2.006688963		-0.00165164353		0.009795335698		-0.001914796695		0.002001401202		3.836026578e-006		-0.0001163790726
2.016722408		-0.001670850471		0.009815419207		-0.001913802101		0.002001942518		3.835206164e-006		-0.0001164848321
2.026755853		-0.001690047585		0.009835508458		-0.001912839894		0.002002544998		3.834571465e-006		-0.000116592178
2.036789298		-0.001709235218		0.009855604056		-0.001911913879		0.002003206831		3.834126144e-006		-0.00011670104
2.046822742		-0.00172841375		0.009875706588		-0.001911027768		0.00200392597		3.833873212e-006		-0.0001168113457
2.056856187		-0.001747583601		0.009895816618		-0.00191018517		0.002004700132		3.833815002e-006		-0.0001169230207
2.066889632		-0.001766745225		0.009915934685		-0.001909389575		0.002005526802		3.833953151e-006		-0.000117035989
2.076923077		-0.001785899111		0.009936061303		-0.001908644338		0.00200640324		3.834288585e-006		-0.0001171501723
2.086956522		-0.00180504578		0.009956196957		-0.001907952664		0.002007326487		3.834821495e-006		-0.0001172654907
2.096989967		-0.001824185787		0.009976342102		-0.001907317594		0.002008293369		3.83555133e-006		-0.0001173818623
2.107023411		-0.001843319712		0.009996497158		-0.001906741991		0.00200930051		3.83647678e-006		-0.0001174992032
2.117056856		-0.001862448168		0.01001666251		-0.001906228526		0.002010344337		3.837595772e-006		-0.000117617428
2.127090301		-0.00188157179		0.01003683852		-0.001905779661		0.002011421091		3.838905461e-006		-0.0001177364492
2.137123746		-0.001900691238		0.01005702548		-0.001905397639		0.002012526842		3.840402226e-006		-0.0001178561777
2.147157191		-0.001919807194		0.01007722367		-0.001905084471		0.002013657493		3.842081671e-006		-0.0001179765226
2.157190635		-0.001938920358		0.01009743332		-0.001904841921		0.002014808802		3.843938628e-006		-0.0001180973914
2.16722408		-0.001958031446		0.01011765462		-0.001904671497		0.002015976392		3.845967161e-006		-0.0001182186897
2.177257525		-0.00197714119		0.0101378877		-0.001904574437		0.002017155763		3.84816058e-006		-0.0001183403218
2.18729097		-0.001996250331		0.01015813266		-0.001904551704		0.002018342316		3.850511448e-006		-0.0001184621905
2.197324415		-0.002015359619		0.01017838955		-0.001904603971		0.002019531361		3.853011602e-006		-0.0001185841967
2.20735786		-0.002034469809		0.01019865837		-0.001904731617		0.00202071814		3.855652168e-006		-0.0001187062405
2.217391304		-0.002053581658		0.01021893908		-0.001904934718		0.002021897847		3.858423592e-006		-0.0001188282202
2.227424749		-0.002072695924		0.01023923157		-0.00190521304		0.002023065642		3.861315661e-006		-0.000118950033
2.237458194		-0.002091813358		0.01025953571		-0.001905566038		0.002024216674		3.864317535e-006		-0.000119071575
2.247491639		-0.002110934707		0.0102798513		-0.001905992848		0.002025346101		3.867417782e-006		-0.0001191927411
2.257525084		-0.002130060706		0.01030017811		-0.001906492287		0.002026449112		3.87060442e-006		-0.0001193134254
2.267558528		-0.002149192077		0.01032051584		-0.001907062852		0.002027520946		3.873864953e-006		-0.000119433521
2.277591973		-0.002168329526		0.01034086415		-0.00190770272		0.002028556917		3.877186417e-006		-0.0001195529201
2.287625418		-0.002187473737		0.01036122266		-0.001908409754		0.002029552433		3.880555434e-006		-0.0001196715144
2.297658863		-0.002206625374		0.01038159095		-0.0019091815		0.002030503021		3.883958258e-006		-0.0001197891951
2.307692308		-0.002225785072		0.01040196854		-0.001910015196		0.002031404346		3.887380833e-006		-0.0001199058528
2.317725753		-0.002244953438		0.01042235492		-0.001910907782		0.002032252236		3.89080885e-006		-0.0001200213778
2.327759197		-0.002264131047		0.01044274952		-0.001911855902		0.002033042701		3.894227806e-006		-0.0001201356605
2.337792642		-0.002283318439		0.01046315176		-0.00191285592		0.002033771957		3.897623073e-006		-0.0001202485909
2.347826087		-0.002302516116		0.010483561		-0.00191390393		0.002034436446		3.900979954e-006		-0.0001203600594
2.357859532		-0.002321724538		0.01050397657		-0.001914995768		0.002035032856		3.904283759e-006		-0.0001204699565
2.367892977		-0.002340944125		0.01052439778		-0.001916127029		0.002035558141		3.907519869e-006		-0.0001205781731
2.377926421		-0.002360175248		0.0105448239		-0.001917293083		0.00203600954		3.910673806e-006		-0.0001206846008
2.387959866		-0.002379418233		0.01056525416		-0.001918489095		0.002036384592		3.913731307e-006		-0.0001207891318
2.397993311		-0.002398673357		0.0105856878		-0.001919710041		0.002036681157		3.91667839e-006		-0.0001208916592
2.408026756		-0.002417940843		0.01060612402		-0.001920950735		0.002036897429		3.919501431e-006		-0.0001209920771
2.418060201		-0.002437220863		0.010626562		-0.001922205844		0.002037031949		3.922187235e-006		-0.0001210902809
2.428093645		-0.002456513535		0.01064700091		-0.001923469919		0.002037083618		3.924723099e-006		-0.0001211861673
2.43812709		-0.002475818922		0.01066743993		-0.001924737417		0.002037051707		3.927096892e-006		-0.0001212796346
2.448160535		-0.002495137029		0.0106878782		-0.001926002725		0.002036935868		3.929297114e-006		-0.0001213705829
2.45819398		-0.002514467806		0.0107083149		-0.001927260189		0.002036736138		3.931312965e-006		-0.000121458914
2.468227425		-0.002533811146		0.01072874916		-0.001928504142		0.002036452945		3.93313441e-006		-0.0001215445319
2.47826087		-0.002553166886		0.01074918017		-0.001929728929		0.002036087111		3.934752233e-006		-0.0001216273428
2.488294314		-0.002572534804		0.0107696071		-0.001930928941		0.002035639855		3.936158099e-006		-0.0001217072553
2.498327759		-0.002591914624		0.01079002913		-0.001932098638		0.002035112788		3.937344604e-006		-0.0001217841805
2.508361204		-0.002611306014		0.01081044548		-0.001933232581		0.002034507911		3.938305326e-006		-0.0001218580325
2.518394649		-0.002630708588		0.01083085538		-0.001934325458		0.00203382761		3.939034862e-006		-0.000121928728
2.528428094		-0.002650121909		0.01085125808		-0.001935372119		0.002033074645		3.939528875e-006		-0.0001219961869
2.538461538		-0.002669545487		0.01087165286		-0.001936367595		0.002032252145		3.939784122e-006		-0.0001220603325
2.548494983		-0.002688978784		0.01089203906		-0.001937307132		0.00203136359		3.93979848e-006		-0.0001221210911
2.558528428		-0.002708421216		0.01091241601		-0.001938186215		0.002030412801		3.939570973e-006		-0.0001221783929
2.568561873		-0.002727872153		0.01093278313		-0.001939000594		0.002029403917		3.939101781e-006		-0.0001222321715
2.578595318		-0.002747330927		0.01095313984		-0.001939746308		0.002028341384		3.938392255e-006		-0.0001222823644
2.588628763		-0.002766796828		0.01097348563		-0.001940419706		0.002027229929		3.93744491e-006		-0.0001223289132
2.598662207		-0.002786269115		0.01099382003		-0.001941017473		0.002026074537		3.936263431e-006		-0.0001223717633
2.608695652		-0.002805747011		0.01101414264		-0.001941536645		0.002024880432		3.934852653e-006		-0.0001224108644
2.618729097		-0.002825229716		0.01103445309		-0.001941974629		0.002023653043		3.933218547e-006		-0.0001224461705
2.628762542		-0.002844716402		0.01105475106		-0.001942329217		0.002022397983		3.931368194e-006		-0.0001224776399
2.638795987		-0.002864206222		0.01107503632		-0.001942598602		0.00202112102		3.929309753e-006		-0.0001225052355
2.648829431		-0.002883698314		0.01109530868		-0.001942781388		0.002019828043		3.927052424e-006		-0.0001225289246
2.658862876		-0.002903191802		0.01111556799		-0.001942876598		0.002018525036		3.9246064e-006		-0.0001225486792
2.668896321		-0.002922685804		0.0111358142		-0.001942883682		0.002017218045		3.921982822e-006		-0.000122564476
2.678929766		-0.002942179434		0.01115604728		-0.001942802521		0.002015913143		3.919193719e-006		-0.0001225762964
2.688963211		-0.002961671808		0.0111762673		-0.001942633428		0.002014616406		3.916251948e-006		-0.0001225841265
2.698996656		-0.002981162045		0.01119647437		-0.001942377146		0.00201333387		3.913171125e-006		-0.0001225879573
2.7090301		-0.003000649276		0.01121666865		-0.001942034848		0.002012071511		3.909965558e-006		-0.0001225877846
2.719063545		-0.003020132644		0.01123685038		-0.001941608128		0.002010835202		3.906650166e-006		-0.000122583609
2.72909699		-0.003039611312		0.01125701986		-0.001941098993		0.00200963069		3.903240405e-006		-0.0001225754359
2.739130435		-0.003059084463		0.01127717742		-0.001940509854		0.002008463561		3.899752185e-006		-0.0001225632756
2.74916388		-0.003078551309		0.01129732348		-0.001939843509		0.002007339215		3.896201781e-006		-0.0001225471431
2.759197324		-0.003098011089		0.01131745848		-0.001939103132		0.002006262831		3.892605752e-006		-0.0001225270581
2.769230769		-0.003117463077		0.01133758293		-0.001938292252		0.00200523935		3.888980851e-006		-0.0001225030452
2.779264214		-0.003136906585		0.01135769739		-0.001937414735		0.002004273438		3.885343935e-006		-0.0001224751333
2.789297659		-0.003156340965		0.01137780246		-0.001936474763		0.002003369473		3.881711877e-006		-0.0001224433563
2.799331104		-0.003175765611		0.01139789879		-0.00193547681		0.002002531516		3.878101476e-006		-0.0001224077523
2.809364548		-0.003195179964		0.01141798704		-0.001934425614		0.002001763294		3.874529371e-006		-0.0001223683639
2.819397993		-0.003214583516		0.01143806795		-0.001933326159		0.002001068183		3.871011956e-006		-0.0001223252381
2.829431438		-0.003233975807		0.01145814226		-0.001932183639		0.002000449191		3.86756529e-006		-0.000122278426
2.839464883		-0.003253356432		0.01147821074		-0.001931003434		0.001999908944		3.864205022e-006		-0.0001222279829
2.849498328		-0.00327272504		0.01149827421		-0.001929791081		0.001999449675		3.860946309e-006		-0.000122173968
2.859531773		-0.003292081337		0.01151833348		-0.001928552242		0.001999073218		3.857803742e-006		-0.0001221164446
2.869565217		-0.003311425085		0.01153838939		-0.001927292678		0.001998780999		3.854791273e-006		-0.0001220554793
2.879598662		-0.003330756106		0.0115584428		-0.001926018211		0.001998574031		3.851922154e-006		-0.0001219911428
2.889632107		-0.00335007428		0.01157849456		-0.001924734703		0.001998452916		3.849208868e-006		-0.0001219235089
2.899665552		-0.003369379545		0.01159854553		-0.001923448018		0.001998417844		3.846663077e-006		-0.0001218526549
2.909698997		-0.003388671899		0.01161859659		-0.001922163996		0.001998468593		3.844295571e-006		-0.000121778661
2.919732441		-0.003407951398		0.01163864858		-0.001920888423		0.001998604539		3.842116218e-006		-0.0001217016107
2.929765886		-0.003427218155		0.01165870236		-0.001919627002		0.001998824662		3.840133928e-006		-0.0001216215901
2.939799331		-0.003446472341		0.01167875877		-0.001918385326		0.001999127555		3.838356619e-006		-0.0001215386881
2.949832776		-0.003465714181		0.01169881863		-0.00191716885		0.001999511433		3.836791186e-006		-0.000121452996
2.959866221		-0.003484943956		0.01171888275		-0.001915982867		0.001999974152		3.835443479e-006		-0.0001213646075
2.969899666		-0.003504161998		0.0117389519		-0.001914832484		0.002000513219		3.834318291e-006		-0.0001212736184
2.97993311		-0.003523368689		0.01175902683		-0.001913722595		0.002001125812		3.833419343e-006		-0.0001211801267
2.989966555		-0.003542564458		0.01177910827		-0.001912657868		0.002001808794		3.832749285e-006		-0.0001210842319
