time		x		y		vx		vy		KineticEnergy		PotentialEnergy
0		0.00220805		0.00574628		-0.00191464		0.00200097		3.834874747e-006		-0.0001184352528
0.01016949153		0.002188589309		0.00576663247		-0.001913586475		0.00200158922		3.834086301e-006		-0.0001190545639
0.02033898305		0.002169134473		0.005786990743		-0.001912550813		0.002002238893		3.833405598e-006		-0.0001191771598
0.03050847458		0.00214968997		0.005807355973		-0.001911556589		0.002002956166		3.832940999e-006		-0.0001192989638
0.0406779661		0.002130255356		0.005827728835		-0.00191060834		0.002003738507		3.832696117e-006		-0.0001194198109
0.05084745763		0.00211083014		0.005848109977		-0.001909710458		0.002004583064		3.832673648e-006		-0.0001195395353
0.06101694915		0.002091413787		0.005868500016		-0.001908867168		0.002005486679		3.832875342e-006		-0.0001196579708
0.07118644068		0.002072005723		0.005888899536		-0.001908082503		0.002006445892		3.833301978e-006		-0.0001197749508
0.0813559322		0.00205260533		0.005909309085		-0.001907360285		0.002007456955		3.833953342e-006		-0.0001198903089
0.09152542373		0.002033211954		0.005929729169		-0.0019067041		0.002008515842		3.834828205e-006		-0.0001200038792
0.1016949153		0.002013824907		0.005950160255		-0.001906117277		0.002009618264		3.835924319e-006		-0.0001201154962
0.1118644068		0.001994443467		0.005970602761		-0.001905602867		0.002010759686		3.837238402e-006		-0.0001202249955
0.1220338983		0.001975066883		0.005991057062		-0.001905163628		0.002011935344		3.838766138e-006		-0.0001203322142
0.1322033898		0.001955694377		0.00601152348		-0.001904801997		0.002013140263		3.840502183e-006		-0.000120436991
0.1423728814		0.001936325147		0.006032002287		-0.001904520083		0.002014369281		3.842440172e-006		-0.0001205391664
0.1525423729		0.001916958375		0.006052493703		-0.001904319642		0.002015617068		3.844572733e-006		-0.0001206385837
0.1627118644		0.001897593222		0.006072997889		-0.001904202072		0.002016878155		3.846891511e-006		-0.0001207350886
0.1728813559		0.001878228841		0.006093514953		-0.00190416839		0.002018146954		3.849387193e-006		-0.00012082853
0.1830508475		0.001858864374		0.006114044946		-0.001904219229		0.002019417789		3.85204954e-006		-0.0001209187603
0.193220339		0.001839498959		0.006134587857		-0.001904354828		0.002020684921		3.854867431e-006		-0.0001210056358
0.2033898305		0.001820131733		0.006155143622		-0.001904575021		0.002021942579		3.857828901e-006		-0.0001210890168
0.213559322		0.00180076184		0.006175712113		-0.001904879238		0.002023184985		3.860921197e-006		-0.0001211687683
0.2237288136		0.001781388427		0.006196293147		-0.001905266498		0.002024406392		3.864130835e-006		-0.0001212447601
0.2338983051		0.001762010657		0.006216886481		-0.001905735414		0.002025601106		3.867443656e-006		-0.0001213168673
0.2440677966		0.001742627706		0.006237491814		-0.001906284191		0.002026763523		3.870844898e-006		-0.0001213849706
0.2542372881		0.001723238775		0.00625810879		-0.001906910634		0.002027888154		3.874319266e-006		-0.0001214489564
0.2644067797		0.001703843083		0.006278736996		-0.001907612154		0.002028969661		3.877851009e-006		-0.0001215087178
0.2745762712		0.001684439883		0.006299375969		-0.001908385779		0.002030002883		3.881423994e-006		-0.0001215641539
0.2847457627		0.001665028457		0.006320025191		-0.001909228166		0.002030982867		3.885021798e-006		-0.0001216151709
0.2949152542		0.001645608124		0.006340684095		-0.001910135615		0.002031904896		3.888627787e-006		-0.0001216616821
0.3050847458		0.001626178241		0.00636135207		-0.001911104089		0.002032764515		3.892225205e-006		-0.0001217036081
0.3152542373		0.00160673821		0.006382028458		-0.001912129229		0.002033557559		3.895797267e-006		-0.0001217408771
0.3254237288		0.001587287477		0.006402712563		-0.001913206381		0.002034280177		3.899327247e-006		-0.000121773425
0.3355932203		0.001567825538		0.006423403648		-0.001914330615		0.002034928853		3.90279857e-006		-0.0001218011958
0.3457627119		0.00154835194		0.006444100946		-0.001915496752		0.00203550043		3.906194904e-006		-0.0001218241417
0.3559322034		0.001528866282		0.006464803657		-0.001916699393		0.002035992124		3.909500246e-006		-0.0001218422231
0.3661016949		0.001509368223		0.006485510955		-0.001917932946		0.002036401544		3.912699018e-006		-0.0001218554089
0.3762711864		0.001489857477		0.006506221993		-0.001919191656		0.002036726707		3.915776146e-006		-0.0001218636764
0.386440678		0.001470333817		0.006526935905		-0.001920469635		0.002036966046		3.918717147e-006		-0.0001218670117
0.3966101695		0.001450797077		0.006547651811		-0.001921760899		0.002037118422		3.921508209e-006		-0.0001218654094
0.406779661		0.001431247154		0.006568368822		-0.001923059393		0.00203718313		3.924136266e-006		-0.0001218588727
0.4169491525		0.001411684005		0.006589086045		-0.001924359032		0.002037159899		3.926589071e-006		-0.0001218474135
0.4271186441		0.001392107648		0.006609802583		-0.00192565373		0.002037048902		3.928855257e-006		-0.0001218310523
0.4372881356		0.001372518166		0.006630517548		-0.001926937431		0.002036850743		3.930924405e-006		-0.0001218098182
0.4474576271		0.001352915701		0.006651230056		-0.001928204149		0.002036566461		3.932787094e-006		-0.0001217837486
0.4576271186		0.001333300455		0.006671939238		-0.001929447993		0.00203619752		3.934434949e-006		-0.0001217528892
0.4677966102		0.001313672691		0.006692644243		-0.001930663204		0.0020357458		3.935860685e-006		-0.0001217172941
0.4779661017		0.001294032729		0.006713344238		-0.001931844182		0.002035213583		3.937058138e-006		-0.0001216770252
0.4881355932		0.001274380945		0.006734038417		-0.001932985519		0.002034603542		3.938022296e-006		-0.0001216321523
0.4983050847		0.001254717769		0.006754726005		-0.001934082024		0.00203391872		3.938749316e-006		-0.0001215827527
0.5084745763		0.001235043683		0.006775406256		-0.001935128748		0.002033162514		3.93923654e-006		-0.0001215289113
0.5186440678		0.001215359218		0.006796078463		-0.001936121015		0.002032338656		3.939482498e-006		-0.0001214707199
0.5288135593		0.001195664951		0.006816741957		-0.001937054439		0.002031451184		3.939486905e-006		-0.0001214082772
0.5389830508		0.001175961501		0.006837396114		-0.001937924946		0.002030504425		3.939250658e-006		-0.0001213416886
0.5491525424		0.001156249528		0.006858040352		-0.001938728796		0.002029502964		3.938775813e-006		-0.0001212710656
0.5593220339		0.001136529729		0.00687867414		-0.001939462595		0.002028451621		3.938065568e-006		-0.0001211965257
0.5694915254		0.001116802831		0.006899296995		-0.00194012331		0.002027355421		3.937124231e-006		-0.0001211181921
0.5796610169		0.001097069593		0.006919908488		-0.001940708282		0.002026219567		3.935957186e-006		-0.0001210361932
0.5898305085		0.001077330798		0.006940508241		-0.001941215237		0.002025049409		3.934570852e-006		-0.0001209506623
0.6		0.00105758725		0.006961095933		-0.001941642289		0.002023850415		3.932972641e-006		-0.0001208617374
0.6101694915		0.001037839769		0.0069816713		-0.001941987946		0.002022628145		3.931170899e-006		-0.0001207695607
0.6203389831		0.00101808919		0.007002234133		-0.001942251115		0.002021388217		3.929174859e-006		-0.0001206742783
0.6305084746		0.0009983363561		0.007022784281		-0.001942431098		0.002020136278		3.926994577e-006		-0.0001205760397
0.6406779661		0.0009785821165		0.00704332165		-0.001942527593		0.002018877979		3.924640872e-006		-0.0001204749976
0.6508474576		0.0009588273204		0.007063846206		-0.001942540686		0.002017618943		3.922125259e-006		-0.0001203713078
0.6610169492		0.0009390728144		0.007084357968		-0.00194247085		0.00201636474		3.919459883e-006		-0.000120265128
0.6711864407		0.0009193194387		0.007104857014		-0.00194231893		0.002015120857		3.916657448e-006		-0.0001201566184
0.6813559322		0.0008995680226		0.007125343477		-0.001942086138		0.002013892679		3.913731146e-006		-0.0001200459409
0.6915254237		0.0008798193816		0.007145817543		-0.001941774039		0.002012685458		3.910694586e-006		-0.0001199332586
0.7016949153		0.0008600743133		0.007166279452		-0.001941384537		0.002011504292		3.90756172e-006		-0.0001198187358
0.7118644068		0.0008403335944		0.007186729495		-0.001940919862		0.002010354107		3.904346774e-006		-0.0001197025377
0.7220338983		0.0008205979772		0.00720716801		-0.00194038255		0.002009239633		3.901064172e-006		-0.0001195848297
0.7322033898		0.0008008681866		0.007227595386		-0.00193977543		0.002008165385		3.897728467e-006		-0.0001194657775
0.7423728814		0.0007811449176		0.007248012052		-0.001939101603		0.00200713565		3.894354273e-006		-0.0001193455465
0.7525423729		0.000761428832		0.007268418484		-0.001938364424		0.002006154467		3.890956193e-006		-0.0001192243018
0.7627118644		0.0007417205564		0.007288815194		-0.00193756748		0.002005225617		3.887548758e-006		-0.0001191022078
0.7728813559		0.0007220206798		0.007309202733		-0.001936714571		0.002004352609		3.884146356e-006		-0.0001189794277
0.7830508475		0.0007023297516		0.007329581688		-0.001935809689		0.00200353867		3.880763177e-006		-0.0001188561239
0.793220339		0.0006826482794		0.007349952672		-0.001934856998		0.002002786735		3.877413154e-006		-0.000118732457
0.8033898305		0.0006629767279		0.007370316333		-0.001933860808		0.002002099444		3.874109903e-006		-0.0001186085862
0.813559322		0.0006433155172		0.007390673339		-0.001932825557		0.00200147913		3.870866671e-006		-0.0001184846686
0.8237288136		0.0006236650216		0.007411024383		-0.001931755792		0.002000927821		3.867696293e-006		-0.0001183608596
0.8338983051		0.0006040255689		0.007431370176		-0.001930656141		0.002000447235		3.864611137e-006		-0.0001182373121
0.8440677966		0.0005843974391		0.007451711445		-0.001929531296		0.002000038778		3.861623069e-006		-0.0001181141766
0.8542372881		0.0005647808645		0.007472048931		-0.001928385995		0.001999703546		3.858743409e-006		-0.0001179916013
0.8644067797		0.000545176029		0.007492383382		-0.001927224994		0.001999442326		3.855982896e-006		-0.0001178697316
0.8745762712		0.0005255830681		0.007512715555		-0.001926053055		0.001999255599		3.853351661e-006		-0.00011774871
0.8847457627		0.0005060020686		0.007533046208		-0.001924874923		0.001999143544		3.85085919e-006		-0.0001176286762
0.8949152542		0.0004864330696		0.007553376101		-0.001923695309		0.001999106044		3.848514309e-006		-0.0001175097668
0.9050847458		0.0004668760623		0.007573705992		-0.001922518871		0.00199914269		3.846325153e-006		-0.0001173921154
0.9152542373		0.0004473309909		0.007594036631		-0.001921350196		0.001999252793		3.844299154e-006		-0.0001172758524
0.9254237288		0.0004277977532		0.00761436876		-0.001920193789		0.001999435386		3.842443024e-006		-0.0001171611047
0.9355932203		0.000408276202		0.007634703113		-0.001919054049		0.001999689237		3.840762744e-006		-0.0001170479962
0.9457627119		0.0003887661454		0.007655040406		-0.001917935265		0.002000012858		3.839263557e-006		-0.0001169366471
0.9559322034		0.0003692673491		0.007675381341		-0.001916841591		0.002000404516		3.837949956e-006		-0.0001168271744
0.9661016949		0.0003497795368		0.007695726599		-0.001915777044		0.002000862239		3.836825692e-006		-0.0001167196915
0.9762711864		0.0003303023923		0.007716076844		-0.001914745484		0.002001383837		3.835893765e-006		-0.0001166143084
0.986440678		0.0003108355609		0.007736432711		-0.001913750605		0.002001966903		3.835156429e-006		-0.0001165111316
0.9966101695		0.0002913786512		0.007756794815		-0.001912795929		0.002002608832		3.834615202e-006		-0.0001164102639
1.006779661		0.0002719312369		0.007777163738		-0.001911884792		0.002003306835		3.834270866e-006		-0.0001163118047
1.016949153		0.0002524928588		0.007797540038		-0.001911020334		0.002004057945		3.834123483e-006		-0.0001162158498
1.027118644		0.0002330630267		0.007817924239		-0.001910205501		0.002004859036		3.834172404e-006		-0.0001161224914
1.037288136		0.0002136412215		0.007838316832		-0.001909443025		0.002005706833		3.834416282e-006		-0.0001160318183
1.047457627		0.0001942268974		0.007858718276		-0.001908735429		0.002006597928		3.834853092e-006		-0.0001159439156
1.057627119		0.0001748194839		0.007879128994		-0.001908085018		0.002007528791		3.835480141e-006		-0.0001158588651
1.06779661		0.0001554183885		0.00789954937		-0.001907493872		0.002008495785		3.836294095e-006		-0.0001157767448
1.077966102		0.0001360229984		0.007919979755		-0.001906963847		0.002009495179		3.837290994e-006		-0.0001156976295
1.088135593		0.0001166326832		0.007940420459		-0.001906496571		0.002010523159		3.838466274e-006		-0.0001156215902
1.098305085		9.724679697e-005		0.007960871752		-0.001906093439		0.002011575847		3.839814793e-006		-0.0001155486948
1.108474576		7.786468102e-005		0.007981333866		-0.001905755615		0.002012649308		3.841330851e-006		-0.0001154790077
1.118644068		5.848566582e-005		0.008001806992		-0.001905484031		0.002013739567		3.843008219e-006		-0.0001154125897
1.128813559		3.910907361e-005		0.008022291281		-0.001905279385		0.00201484262		3.844840159e-006		-0.0001153494984
1.138983051		1.97342207e-005		0.008042786842		-0.001905142142		0.002015954448		3.846819459e-006		-0.000115289788
1.149152542		3.604198613e-007		0.008063293744		-0.001905072539		0.002017071027		3.848938453e-006		-0.0001152335095
1.159322034		-1.901301737e-005		0.008083812015		-0.001905070579		0.002018188344		3.851189051e-006		-0.0001151807104
1.169491525		-3.838677835e-005		0.008104341643		-0.001905136041		0.002019302406		3.853562771e-006		-0.0001151314352
1.179661017		-5.776154702e-005		0.008124882573		-0.001905268479		0.002020409254		3.856050764e-006		-0.0001150857249
1.189830508		-7.713800165e-005		0.008145434712		-0.001905467225		0.00202150497		3.858643844e-006		-0.0001150436175
1.2		-9.65168126e-005		0.008165997928		-0.001905731394		0.002022585696		3.861332521e-006		-0.0001150051477
