time		x		y		vx		vy		KineticEnergy		PotentialEnergy
0		0.00220805		0.00574628		-0.00191464		0.00200097		3.834874747e-006		-0.0001184352528
0.01003344482		0.002188849636		0.005766360149		-0.001913602822		0.002001578483		3.834096093e-006		-0.0001190524308
0.02006688963		0.002169654819		0.005786445909		-0.00191258316		0.002002216259		3.833422146e-006		-0.000119171671
0.03010033445		0.002150470041		0.005806538401		-0.001911604136		0.002002919322		3.83295809e-006		-0.0001192886531
0.04013377926		0.00213129487		0.00582663827		-0.00191067007		0.002003685162		3.832707171e-006		-0.0001194029729
0.05016722408		0.002112128835		0.00584674613		-0.001909785137		0.002004510968		3.832671744e-006		-0.0001195142304
0.0602006689		0.002092971423		0.00586686257		-0.001908953344		0.002005393632		3.832853244e-006		-0.0001196220326
0.07023411371		0.002073822079		0.005886988143		-0.001908178506		0.00200632976		3.833252159e-006		-0.0001197259941
0.08026755853		0.002054680215		0.005907123368		-0.001907464224		0.002007315683		3.833868008e-006		-0.0001198257395
0.09030100334		0.002035545205		0.005927268725		-0.001906813861		0.002008347467		3.834699324e-006		-0.0001199209053
0.1003344482		0.002016416392		0.005947424655		-0.001906230524		0.002009420934		3.83574365e-006		-0.000120011141
0.110367893		0.001997293088		0.005967591553		-0.001905717039		0.002010531675		3.836997526e-006		-0.0001200961117
0.1204013378		0.001978174578		0.005987769772		-0.001905275938		0.002011675071		3.838456496e-006		-0.0001201754991
0.1304347826		0.001959060126		0.006007959615		-0.001904909435		0.002012846311		3.840115114e-006		-0.0001202490035
0.1404682274		0.001939948971		0.006028161337		-0.001904619413		0.00201404042		3.841966962e-006		-0.0001203163456
0.1505016722		0.001920840338		0.006048375142		-0.001904407409		0.002015252281		3.844004667e-006		-0.0001203772675
0.1605351171		0.001901733438		0.006068601182		-0.0019042746		0.002016476659		3.846219934e-006		-0.0001204315347
0.1705685619		0.00188262747		0.006088839556		-0.001904221797		0.002017708231		3.848603577e-006		-0.000120478937
0.1806020067		0.001863521629		0.00610909031		-0.001904249432		0.002018941611		3.851145563e-006		-0.0001205192901
0.1906354515		0.001844415107		0.006129353435		-0.001904357556		0.002020171384		3.85383506e-006		-0.0001205524363
0.2006688963		0.001825307096		0.006149628867		-0.001904545835		0.00202139213		3.85666049e-006		-0.0001205782455
0.2107023411		0.001806196796		0.006169916488		-0.001904813548		0.002022598459		3.85960959e-006		-0.0001205966164
0.220735786		0.001787083413		0.006190216127		-0.001905159593		0.002023785037		3.862669475e-006		-0.0001206074765
0.2307692308		0.001767966168		0.006210527559		-0.001905582487		0.002024946618		3.865826709e-006		-0.0001206107829
0.2408026756		0.001748844299		0.006230850507		-0.001906080378		0.002026078071		3.869067378e-006		-0.0001206065225
0.2508361204		0.001729717064		0.006251184644		-0.001906651053		0.002027174412		3.872377168e-006		-0.000120594712
0.2608695652		0.001710583743		0.006271529592		-0.00190729195		0.00202823083		3.875741442e-006		-0.0001205753979
0.27090301		0.001691443647		0.006291884928		-0.001908000174		0.002029242712		3.879145325e-006		-0.0001205486561
0.2809364548		0.001672296114		0.006312250182		-0.001908772515		0.00203020567		3.882573787e-006		-0.0001205145916
0.2909698997		0.001653140519		0.006332624841		-0.001909605463		0.002031115561		3.886011723e-006		-0.0001204733378
0.3010033445		0.001633976272		0.006353008353		-0.001910495235		0.002031968513		3.88944404e-006		-0.0001204250555
0.3110367893		0.001614802822		0.006373400129		-0.001911437793		0.00203276094		3.892855738e-006		-0.0001203699324
0.3210702341		0.001595619661		0.006393799543		-0.001912428871		0.002033489562		3.896231992e-006		-0.0001203081817
0.3311036789		0.001576426323		0.00641420594		-0.001913463997		0.002034151417		3.899558227e-006		-0.0001202400407
0.3411371237		0.00155722239		0.006434618635		-0.001914538523		0.002034743875		3.902820197e-006		-0.00012016577
0.3511705686		0.00153800749		0.00645503692		-0.00191564765		0.002035264649		3.906004055e-006		-0.0001200856516
0.3612040134		0.0015187813		0.006475460066		-0.001916786454		0.002035711801		3.909096424e-006		-0.0001199999875
0.3712374582		0.001499543548		0.006495887324		-0.001917949915		0.002036083748		3.912084454e-006		-0.000119909098
0.381270903		0.001480294011		0.006516317934		-0.001919132946		0.002036379265		3.914955887e-006		-0.0001198133202
0.3913043478		0.001461032519		0.006536751122		-0.001920330415		0.002036597483		3.917699106e-006		-0.0001197130061
0.4013377926		0.001441758952		0.006557186111		-0.001921537178		0.002036737892		3.920303184e-006		-0.000119608521
0.4113712375		0.001422473244		0.006577622117		-0.0019227481		0.002036800333		3.922757927e-006		-0.0001195002415
0.4214046823		0.001403175378		0.006598058358		-0.001923958084		0.002036784994		3.92505391e-006		-0.0001193885541
0.4314381271		0.00138386539		0.006618494056		-0.00192516209		0.002036692402		3.927182508e-006		-0.0001192738529
0.4414715719		0.001364543363		0.00663892844		-0.001926355165		0.002036523414		3.929135919e-006		-0.0001191565384
0.4515050167		0.001345209433		0.006659360747		-0.001927532457		0.002036279205		3.930907187e-006		-0.0001190370155
0.4615384615		0.001325863782		0.00667979023		-0.001928689241		0.002035961257		3.932490214e-006		-0.0001189156917
0.4715719064		0.001306506639		0.006700216157		-0.001929820935		0.002035571345		3.93387977e-006		-0.0001187929761
0.4816053512		0.001287138278		0.006720637815		-0.001930923118		0.002035111521		3.935071494e-006		-0.000118669277
0.491638796		0.001267759018		0.006741054515		-0.001931991545		0.002034584102		3.9360619e-006		-0.0001185450013
0.5016722408		0.001248369217		0.00676146559		-0.001933022166		0.00203399165		3.936848362e-006		-0.0001184205523
0.5117056856		0.001228969276		0.006781870401		-0.001934011129		0.002033336958		3.937429115e-006		-0.000118296329
0.5217391304		0.001209559629		0.006802268338		-0.001934954801		0.002032623032		3.937803236e-006		-0.0001181727244
0.5317725753		0.001190140751		0.006822658823		-0.001935849772		0.002031853074		3.937970627e-006		-0.0001180501248
0.5418060201		0.001170713146		0.00684304131		-0.001936692866		0.002031030464		3.937932001e-006		-0.0001179289083
0.5518394649		0.001151277349		0.006863415287		-0.001937481147		0.002030158741		3.937688856e-006		-0.000117809444
0.5618729097		0.001131833925		0.006883780281		-0.001938211923		0.002029241592		3.937243448e-006		-0.000117692091
0.5719063545		0.001112383464		0.006904135854		-0.001938882752		0.002028282826		3.936598774e-006		-0.0001175771979
0.5819397993		0.001092926579		0.006924481609		-0.001939491446		0.002027286363		3.935758534e-006		-0.0001174651013
0.5919732441		0.001073463904		0.006944817186		-0.00194003607		0.002026256217		3.934727105e-006		-0.0001173561261
0.602006689		0.00105399609		0.006965142269		-0.001940514947		0.002025196477		3.933509514e-006		-0.0001172505841
0.6120401338		0.001034523804		0.00698545658		-0.001940926654		0.002024111293		3.932111401e-006		-0.0001171487739
0.6220735786		0.001015047729		0.007005759887		-0.001941270024		0.002023004863		3.930538992e-006		-0.0001170509802
0.6321070234		0.000995568553		0.007026051996		-0.001941544144		0.002021881415		3.92879906e-006		-0.0001169574735
0.6421404682		0.0009760869765		0.007046332758		-0.001941748352		0.002020745194		3.926898901e-006		-0.0001168685096
0.652173913		0.0009566037032		0.007066602066		-0.001941882234		0.002019600449		3.924846291e-006		-0.0001167843296
0.6622073579		0.0009371194401		0.007086859857		-0.001941945622		0.002018451419		3.922649464e-006		-0.0001167051593
0.6722408027		0.0009176348947		0.007107106108		-0.001941938589		0.002017302321		3.920317069e-006		-0.0001166312092
0.6822742475		0.0008981507727		0.00712734084		-0.001941861445		0.00201615734		3.917858145e-006		-0.0001165626742
0.6923076923		0.0008786677754		0.007147564115		-0.001941714733		0.002015020613		3.915282088e-006		-0.0001164997333
0.7023411371		0.0008591865975		0.007167776036		-0.001941499224		0.002013896223		3.912598616e-006		-0.0001164425499
0.7123745819		0.0008397079248		0.007187976748		-0.001941215909		0.002012788184		3.909817739e-006		-0.0001163912713
0.7224080268		0.0008202324321		0.007208166435		-0.001940865998		0.002011700435		3.906949731e-006		-0.0001163460288
0.7324414716		0.000800760781		0.007228345319		-0.001940450911		0.002010636829		3.904005097e-006		-0.0001163069376
0.7424749164		0.0007812936178		0.007248513662		-0.001939972274		0.00200960112		3.900994543e-006		-0.0001162740967
0.7525083612		0.0007618315715		0.007268671763		-0.001939431913		0.002008596961		3.897928949e-006		-0.000116247589
0.762541806		0.0007423752517		0.007288819956		-0.001938831846		0.00200762789		3.894819335e-006		-0.0001162274812
0.7725752508		0.0007229252468		0.00730895861		-0.001938174279		0.002006697322		3.891676839e-006		-0.0001162138237
0.7826086957		0.0007034821223		0.007329088129		-0.001937461597		0.002005808546		3.888512681e-006		-0.0001162066506
0.7926421405		0.0006840464188		0.007349208949		-0.00193669636		0.00200496471		3.885338139e-006		-0.0001162059799
0.8026755853		0.0006646186502		0.007369321535		-0.001935881297		0.002004168817		3.882164521e-006		-0.0001162118132
0.8127090301		0.0006451993025		0.007389426383		-0.001935019295		0.002003423719		3.879003134e-006		-0.000116224136
0.8227424749		0.0006257888316		0.007409524017		-0.001934113395		0.002002732106		3.875865256e-006		-0.0001162429174
0.8327759197		0.0006063876624		0.007429614987		-0.001933166784		0.002002096502		3.87276211e-006		-0.0001162681104
0.8428093645		0.0005869961871		0.007449699867		-0.00193218279		0.002001519256		3.869704832e-006		-0.0001162996515
0.8528428094		0.0005676147637		0.007469779253		-0.001931164868		0.002001002535		3.866704445e-006		-0.0001163374614
0.8628762542		0.0005482437148		0.007489853764		-0.001930116599		0.002000548317		3.863771827e-006		-0.0001163814441
0.872909699		0.0005288833269		0.007509924036		-0.001929041678		0.002000158387		3.860917683e-006		-0.000116431488
0.8829431438		0.0005095338484		0.007529990722		-0.001927943905		0.001999834326		3.858152516e-006		-0.0001164874649
0.8929765886		0.0004901954893		0.00755005449		-0.001926827177		0.00199957751		3.855486594e-006		-0.0001165492308
0.9030100334		0.0004708684201		0.007570116023		-0.00192569548		0.001999389096		3.852929919e-006		-0.0001166166258
0.9130434783		0.0004515527707		0.007590176011		-0.001924552876		0.001999270024		3.8504922e-006		-0.0001166894738
0.9230769231		0.0004322486299		0.007610235154		-0.001923403495		0.001999221005		3.848182816e-006		-0.0001167675833
0.9331103679		0.000412956045		0.007630294158		-0.001922251523		0.00199924252		3.846010785e-006		-0.000116850747
0.9431438127		0.0003936750208		0.007650353733		-0.001921101189		0.001999334811		3.843984732e-006		-0.0001169387422
0.9531772575		0.0003744055195		0.007670414589		-0.001919956758		0.001999497877		3.842112857e-006		-0.0001170313309
0.9632107023		0.0003551474604		0.007690477436		-0.001918822513		0.001999731472		3.840402898e-006		-0.0001171282604
0.9732441472		0.0003359007199		0.00771054298		-0.001917702744		0.002000035097		3.838862103e-006		-0.000117229263
0.983277592		0.0003166651311		0.00773061192		-0.001916601737		0.002000407998		3.837497188e-006		-0.0001173340571
0.9933110368		0.0002974404844		0.007750684946		-0.001915523752		0.002000849165		3.836314314e-006		-0.0001174423467
1.003344482		0.0002782265274		0.007770762739		-0.001914473019		0.002001357328		3.835319046e-006		-0.0001175538227
1.013377926		0.0002590229656		0.007790845963		-0.001913453711		0.002001930953		3.834516322e-006		-0.0001176681631
1.023411371		0.000239829463		0.007810935266		-0.001912469937		0.002002568247		3.833910422e-006		-0.0001177850333
1.033444816		0.0002206456425		0.007831031279		-0.001911525721		0.002003267156		3.833504939e-006		-0.0001179040873
1.043478261		0.0002014710873		0.007851134607		-0.001910624984		0.002004025364		3.833302745e-006		-0.0001180249681
1.053511706		0.0001823053418		0.007871245835		-0.001909771533		0.002004840298		3.833305964e-006		-0.0001181473085
1.063545151		0.0001631479127		0.007891365516		-0.001908969033		0.002005709133		3.833515949e-006		-0.0001182707321
1.073578595		0.0001439982709		0.007911494178		-0.001908221		0.002006628795		3.833933253e-006		-0.0001183948544
1.08361204		0.0001248558525		0.007931632315		-0.001907530776		0.002007595965		3.83455761e-006		-0.0001185192836
1.093645485		0.0001057200613		0.007951780385		-0.00190690151		0.002008607095		3.835387916e-006		-0.0001186436218
1.10367893		8.659027037e-005		0.007971938812		-0.001906336147		0.002009658408		3.836422212e-006		-0.0001187674664
1.113712375		6.746582426e-005		0.007992107979		-0.001905837404		0.002010745916		3.837657673e-006		-0.0001188904112
1.123745819		4.834604153e-005		0.008012288228		-0.001905407754		0.002011865427		3.839090601e-006		-0.0001190120481
1.133779264		2.923021716e-005		0.00803247986		-0.00190504941		0.002013012564		3.840716418e-006		-0.000119131968
1.143812709		1.011762527e-005		0.008052683129		-0.00190476431		0.002014182777		3.842529667e-006		-0.0001192497629
1.153846154		-8.992478018e-006		0.008072898243		-0.001904554098		0.002015371364		3.844524023e-006		-0.0001193650273
1.163879599		-2.810085161e-005		0.008093125364		-0.001904420115		0.002016573484		3.846692296e-006		-0.0001194773597
1.173913043		-4.720826628e-005		0.008113364601		-0.00190436338		0.002017784185		3.849026451e-006		-0.0001195863643
1.183946488		-6.631550139e-005		0.008133616016		-0.001904384585		0.002018998418		3.85151763e-006		-0.0001196916532
1.193979933		-8.542334156e-005		0.008153879619		-0.001904484078		0.002020211066		3.854156178e-006		-0.0001197928474
1.204013378		-0.0001045325732		0.008174155369		-0.00190466186		0.002021416966		3.856931677e-006		-0.0001198895792
1.214046823		-0.0001236439809		0.008194443171		-0.001904917577		0.002022610933		3.859832981e-006		-0.0001199814938
1.224080268		-0.000142758344		0.008214742879		-0.001905250515		0.002023787788		3.862848269e-006		-0.0001200682508
1.234113712		-0.0001618764327		0.008235054297		-0.001905659597		0.002024942386		3.865965083e-006		-0.0001201495263
1.244147157		-0.0001809990048		0.008255377175		-0.001906143385		0.00202606964		3.869170396e-006		-0.0001202250144
1.254180602		-0.0002001268016		0.008275711213		-0.001906700082		0.002027164552		3.872450663e-006		-0.0001202944289
1.264214047		-0.0002192605449		0.008296056062		-0.001907327536		0.00202822224		3.875791892e-006		-0.0001203575047
1.274247492		-0.0002384009328		0.008316411325		-0.001908023245		0.002029237964		3.879179709e-006		-0.0001204139996
1.284280936		-0.0002575486368		0.008336776556		-0.001908784372		0.002030207156		3.882599438e-006		-0.0001204636952
1.294314381		-0.0002767042981		0.008357151267		-0.001909607753		0.002031125444		3.886036171e-006		-0.0001205063988
1.304347826		-0.0002958685248		0.008377534926		-0.001910489914		0.00203198868		3.889474853e-006		-0.0001205419436
1.314381271		-0.0003150418884		0.00839792696		-0.001911427082		0.002032792962		3.89290036e-006		-0.0001205701907
1.324414716		-0.0003342249211		0.008418326758		-0.001912415215		0.00203353466		3.896297583e-006		-0.0001205910293
1.334448161		-0.0003534181134		0.008438733676		-0.00191345001		0.002034210434		3.899651515e-006		-0.0001206043773
1.344481605		-0.0003726219113		0.008459147035		-0.001914526937		0.002034817256		3.90294733e-006		-0.0001206101822
1.35451505		-0.0003918367141		0.008479566129		-0.001915641257		0.002035352429		3.906170468e-006		-0.0001206084211
1.364548495		-0.0004110628729		0.008499990227		-0.001916788049		0.002035813597		3.909306714e-006		-0.0001205991012
1.37458194		-0.0004303006884		0.008520418576		-0.001917962242		0.002036198763		3.912342283e-006		-0.0001205822591
1.384615385		-0.0004495504096		0.008540850403		-0.001919158636		0.002036506298		3.915263887e-006		-0.0001205579612
1.394648829		-0.0004688122329		0.008561284923		-0.001920371937		0.002036734949		3.918058814e-006		-0.0001205263031
1.404682274		-0.0004880863013		0.008581721338		-0.001921596785		0.002036883841		3.920714992e-006		-0.0001204874091
1.414715719		-0.0005073727035		0.008602158846		-0.001922827782		0.002036952486		3.923221055e-006		-0.000120441431
1.424749164		-0.0005266714742		0.008622596639		-0.001924059524		0.00203694078		3.925566395e-006		-0.0001203885481
1.434782609		-0.0005459825936		0.008643033912		-0.00192528663		0.002036848997		3.927741222e-006		-0.000120328965
1.444816054		-0.0005653059885		0.008663469863		-0.001926503771		0.002036677791		3.929736601e-006		-0.0001202629117
1.454849498		-0.0005846415322		0.0086839037		-0.001927705696		0.002036428183		3.931544496e-006		-0.0001201906411
1.464882943		-0.0006039890459		0.008704334643		-0.001928887262		0.002036101553		3.933157802e-006		-0.0001201124284
1.474916388		-0.0006233483		0.008724761925		-0.001930043461		0.002035699629		3.934570369e-006		-0.0001200285693
1.484949833		-0.000642719015		0.008745184802		-0.001931169437		0.002035224473		3.935777024e-006		-0.0001199393782
1.494983278		-0.0006621008639		0.00876560255		-0.001932260519		0.002034678463		3.93677358e-006		-0.0001198451869
1.505016722		-0.0006814934736		0.008786014471		-0.001933312234		0.00203406428		3.937556844e-006		-0.0001197463428
1.515050167		-0.0007008964271		0.008806419894		-0.001934320331		0.002033384885		3.938124616e-006		-0.0001196432069
1.525083612		-0.0007203092662		0.008826818181		-0.001935280796		0.002032643503		3.938475683e-006		-0.0001195361524
1.535117057		-0.0007397314933		0.008847208727		-0.001936189869		0.002031843598		3.938609808e-006		-0.0001194255626
1.545150502		-0.0007591625746		0.008867590962		-0.001937044057		0.002030988857		3.938527707e-006		-0.0001193118292
1.555183946		-0.0007786019426		0.008887964356		-0.001937840145		0.002030083161		3.938231034e-006		-0.0001191953509
1.565217391		-0.0007980489989		0.008908328417		-0.001938575206		0.002029130569		3.937722348e-006		-0.0001190765312
1.575250836		-0.0008175031173		0.008928682695		-0.001939246608		0.002028135292		3.937005084e-006		-0.0001189557769
1.585284281		-0.0008369636465		0.008949026784		-0.00193985202		0.002027101669		3.936083519e-006		-0.0001188334967
1.595317726		-0.0008564299137		0.00896936032		-0.001940389417		0.002026034149		3.934962731e-006		-0.0001187100992
1.605351171		-0.0008759012268		0.008989682987		-0.001940857078		0.002024937265		3.933648562e-006		-0.0001185859919
1.615384615		-0.0008953768784		0.009009994513		-0.001941253593		0.002023815612		3.932147573e-006		-0.0001184615792
1.62541806		-0.0009148561484		0.009030294672		-0.001941577855		0.002022673831		3.930466996e-006		-0.0001183372617
1.635451505		-0.000934338307		0.009050583286		-0.001941829062		0.00202151658		3.928614694e-006		-0.0001182134345
1.64548495		-0.0009538226179		0.009070860222		-0.00194200671		0.002020348524		3.926599111e-006		-0.0001180904859
1.655518395		-0.0009733083413		0.009091125396		-0.001942110592		0.00201917431		3.924429223e-006		-0.0001179687969
1.665551839		-0.0009927947368		0.00911137877		-0.001942140788		0.002017998548		3.92211449e-006		-0.0001178487393
1.675585284		-0.001012281066		0.009131620351		-0.001942097657		0.002016825801		3.91966481e-006		-0.0001177306757
1.685618729		-0.001031766596		0.009151850191		-0.001941981834		0.002015660561		3.917090472e-006		-0.000117614958
1.695652174		-0.001051250601		0.009172068389		-0.001941794218		0.00201450724		3.914402104e-006		-0.0001175019269
1.705685619		-0.001070732366		0.009192275085		-0.001941535962		0.002013370153		3.911610633e-006		-0.0001173919108
1.715719064		-0.001090211189		0.009212470465		-0.001941208465		0.002012253505		3.908727235e-006		-0.000117285226
1.725752508		-0.001109686382		0.009232654754		-0.001940813359		0.002011161379		3.905763295e-006		-0.0001171821752
1.735785953		-0.001129157277		0.009252828219		-0.001940352504		0.002010097729		3.90273036e-006		-0.0001170830477
1.745819398		-0.001148623222		0.009272991164		-0.00193982797		0.002009066362		3.8996401e-006		-0.0001169881185
1.755852843		-0.00116808359		0.009293143932		-0.001939242032		0.002008070935		3.89650427e-006		-0.0001168976483
1.765886288		-0.001187537778		0.009313286901		-0.001938597154		0.002007114945		3.893334665e-006		-0.0001168118829
1.775919732		-0.001206985206		0.009333420486		-0.001937895982		0.002006201721		3.890143091e-006		-0.000116731053
1.785953177		-0.001226425323		0.00935354513		-0.00193714133		0.002005334414		3.886941323e-006		-0.000116655374
1.795986622		-0.001245857607		0.00937366131		-0.001936336171		0.002004515997		3.883741074e-006		-0.0001165850458
1.806020067		-0.001265281567		0.009393769531		-0.001935483622		0.002003749253		3.88055396e-006		-0.0001165202527
1.816053512		-0.001284696743		0.009413870325		-0.001934586937		0.002003036776		3.877391473e-006		-0.0001164611631
1.826086957		-0.001304102709		0.009433964249		-0.001933649497		0.002002380961		3.874264945e-006		-0.0001164079294
1.836120401		-0.001323499074		0.009454051883		-0.001932674793		0.002001784002		3.871185523e-006		-0.0001163606882
1.846153846		-0.001342885481		0.009474133828		-0.001931666421		0.002001247891		3.868164142e-006		-0.0001163195598
1.856187291		-0.001362261611		0.009494210703		-0.001930628071		0.00200077441		3.865211495e-006		-0.0001162846485
1.866220736		-0.001381627182		0.009514283147		-0.001929563512		0.002000365134		3.862338008e-006		-0.0001162560424
1.876254181		-0.001400981949		0.00953435181		-0.001928476587		0.002000021422		3.859553818e-006		-0.0001162338135
1.886287625		-0.001420325708		0.009554417356		-0.001927371201		0.00199974442		3.856868745e-006		-0.0001162180174
1.89632107		-0.001439658294		0.00957448046		-0.001926251308		0.001999535057		3.854292274e-006		-0.0001162086935
1.906354515		-0.001458979581		0.009594541805		-0.001925120906		0.001999394045		3.851833525e-006		-0.0001162058652
1.91638796		-0.001478289483		0.00961460208		-0.001923984022		0.001999321874		3.849501237e-006		-0.0001162095393
1.926421405		-0.001497587956		0.009634661977		-0.001922844704		0.001999318817		3.847303744e-006		-0.0001162197065
1.936454849		-0.001516874995		0.00965472219		-0.001921707012		0.001999384922		3.845248953e-006		-0.0001162363414
1.946488294		-0.001536150638		0.009674783413		-0.001920575006		0.001999520016		3.843344325e-006		-0.0001162594022
1.956521739		-0.001555414962		0.009694846338		-0.001919452737		0.001999723705		3.841596853e-006		-0.0001162888308
1.966555184		-0.001574668085		0.009714911648		-0.001918344234		0.001999995372		3.840013043e-006		-0.000116324553
1.976588629		-0.001593910164		0.009734980024		-0.001917253497		0.002000334175		3.83859889e-006		-0.0001163664785
1.986622074		-0.001613141399		0.009755052133		-0.001916184485		0.002000739052		3.837359867e-006		-0.0001164145007
1.996655518		-0.001632362027		0.009775128634		-0.001915141104		0.002001208721		3.836300896e-006		-0.0001164684969
2.006688963		-0.001651572324		0.009795210168		-0.001914127198		0.002001741677		3.835426335e-006		-0.0001165283283
2.016722408		-0.001670772606		0.009815297363		-0.001913146536		0.002002336198		3.834739959e-006		-0.0001165938403
2.026755853		-0.001689963224		0.009835390827		-0.001912202801		0.002002990345		3.834244938e-006		-0.0001166648622
2.036789298		-0.001709144568		0.009855491149		-0.00191129958		0.002003701964		3.833943824e-006		-0.0001167412075
2.046822742		-0.001728317062		0.009875598894		-0.001910440351		0.00200446869		3.833838532e-006		-0.0001168226743
2.056856187		-0.001747481164		0.009895714601		-0.001909628468		0.00200528795		3.833930324e-006		-0.0001169090449
2.066889632		-0.001766637366		0.009915838786		-0.001908867156		0.002006156965		3.834219793e-006		-0.0001170000866
2.076923077		-0.001785786191		0.009935971932		-0.001908159491		0.002007072759		3.834706852e-006		-0.0001170955515
2.086956522		-0.001804928192		0.009956114493		-0.001907508393		0.002008032162		3.835390717e-006		-0.000117195177
2.096989967		-0.001824063951		0.009976266891		-0.001906916609		0.002009031816		3.836269896e-006		-0.000117298686
2.107023411		-0.001843194077		0.009996429513		-0.001906386705		0.002010068182		3.837342183e-006		-0.0001174057877
2.117056856		-0.001862319203		0.01001660271		-0.00190592105		0.002011137549		3.838604644e-006		-0.0001175161772
2.127090301		-0.001881439984		0.01003678679		-0.001905521804		0.002012236042		3.840053618e-006		-0.000117629537
2.137123746		-0.001900557098		0.01005698203		-0.001905190908		0.002013359635		3.841684706e-006		-0.0001177455367
2.147157191		-0.00191967124		0.01007718865		-0.001904930066		0.002014504156		3.843492775e-006		-0.0001178638343
2.157190635		-0.00193878312		0.01009740686		-0.001904740742		0.002015665304		3.845471957e-006		-0.0001179840765
2.16722408		-0.001957893462		0.01011763679		-0.001904624141		0.002016838663		3.847615655e-006		-0.0001181058996
2.177257525		-0.001977003002		0.01013787854		-0.0019045812		0.00201801971		3.84991655e-006		-0.0001182289306
2.18729097		-0.001996112483		0.01015813217		-0.001904612582		0.002019203837		3.852366612e-006		-0.0001183527877
2.197324415		-0.002015222653		0.01017839768		-0.00190471866		0.002020386365		3.854957117e-006		-0.0001184770817
2.20735786		-0.002034334262		0.01019867504		-0.001904899512		0.002021562559		3.857678666e-006		-0.0001186014169
2.217391304		-0.002053448061		0.01021896415		-0.001905154916		0.002022727652		3.860521204e-006		-0.0001187253925
2.227424749		-0.002072564795		0.01023926489		-0.001905484339		0.00202387686		3.863474053e-006		-0.0001188486036
2.237458194		-0.002091685205		0.01025957706		-0.001905886931		0.002025005405		3.866525942e-006		-0.000118970643
2.247491639		-0.002110810018		0.01027990045		-0.00190636153		0.002026108535		3.86966504e-006		-0.000119091102
2.257525084		-0.002129939951		0.01030023476		-0.001906906649		0.00202718155		3.872879002e-006		-0.0001192095727
2.267558528		-0.002149075703		0.01032057968		-0.001907520483		0.002028219818		3.876155011e-006		-0.0001193256486
2.277591973		-0.002168217954		0.01034093482		-0.001908200908		0.002029218804		3.87947983e-006		-0.0001194389273
2.287625418		-0.00218736736		0.01036129979		-0.001908945484		0.002030174092		3.882839852e-006		-0.0001195490114
2.297658863		-0.002206524553		0.0103816741		-0.001909751458		0.002031081411		3.886221165e-006		-0.0001196555103
2.307692308		-0.002225690132		0.01040205727		-0.001910615779		0.002031936652		3.889609606e-006		-0.0001197580424
2.317725753		-0.002244864669		0.01042244875		-0.001911535096		0.002032735902		3.892990835e-006		-0.0001198562365
2.327759197		-0.002264048696		0.01044284796		-0.00191250578		0.002033475457		3.896350398e-006		-0.0001199497335
2.337792642		-0.002283242711		0.01046325428		-0.001913523931		0.002034151854		3.8996738e-006		-0.0001200381886
2.347826087		-0.00230244717		0.01048366706		-0.001914585394		0.002034761886		3.902946583e-006		-0.0001201212726
2.357859532		-0.002321662485		0.01050408562		-0.001915685781		0.002035302627		3.906154397e-006		-0.0001201986736
2.367892977		-0.002340889025		0.01052450925		-0.001916820486		0.002035771447		3.90928308e-006		-0.0001202700991
2.377926421		-0.00236012711		0.01054493722		-0.001917984708		0.002036166037		3.912318736e-006		-0.0001203352772
2.387959866		-0.002379377012		0.01056536877		-0.001919173477		0.00203648442		3.915247813e-006		-0.0001203939582
2.397993311		-0.002398638952		0.01058580313		-0.001920381673		0.002036724966		3.918057177e-006		-0.0001204459158
2.408026756		-0.002417913099		0.01060623951		-0.001921604058		0.002036886407		3.920734194e-006		-0.000120490949
2.418060201		-0.002437199569		0.01062667711		-0.0019228353		0.002036967844		3.923266795e-006		-0.0001205288824
2.428093645		-0.002456498423		0.01064711512		-0.001924070005		0.00203696876		3.925643557e-006		-0.000120559568
2.43812709		-0.002475809669		0.01066755273		-0.001925302742		0.002036889018		3.92785376e-006		-0.0001205828857
2.448160535		-0.002495133261		0.01068798914		-0.001926528075		0.002036728871		3.929887458e-006		-0.0001205987438
2.45819398		-0.002514469096		0.01070842355		-0.001927740594		0.002036488956		3.931735534e-006		-0.0001206070801
2.468227425		-0.002533817018		0.01072885514		-0.001928934945		0.002036170298		3.933389751e-006		-0.0001206078619
2.47826087		-0.00255317682		0.01074928315		-0.001930105856		0.002035774298		3.934842803e-006		-0.0001206010863
2.488294314		-0.00257254824		0.0107697068		-0.001931248172		0.002035302731		3.936088354e-006		-0.00012058678
2.498327759		-0.002591930964		0.01079012535		-0.00193235688		0.002034757732		3.93712107e-006		-0.0001205649997
2.508361204		-0.002611324632		0.01081053806		-0.001933427138		0.002034141785		3.937936649e-006		-0.0001205358311
2.518394649		-0.002630728833		0.01083094424		-0.001934454297		0.002033457708		3.93853184e-006		-0.0001204993889
2.528428094		-0.002650143113		0.01085134323		-0.001935433934		0.002032708636		3.938904455e-006		-0.0001204558155
2.538461538		-0.002669566972		0.01087173438		-0.001936361865		0.002031897999		3.939053376e-006		-0.0001204052811
2.548494983		-0.002688999872		0.0108921171		-0.001937234173		0.002031029506		3.938978548e-006		-0.0001203479817
2.558528428		-0.002708441237		0.01091249083		-0.001938047225		0.002030107118		3.938680977e-006		-0.0001202841387
2.568561873		-0.002727890452		0.01093285504		-0.001938797687		0.002029135025		3.938162711e-006		-0.0001202139972
2.578595318		-0.002747346876		0.01095320926		-0.00193948254		0.002028117625		3.937426813e-006		-0.0001201378248
2.588628763		-0.002766809834		0.01097355305		-0.001940099094		0.002027059492		3.936477339e-006		-0.0001200559101
2.598662207		-0.00278627863		0.01099388604		-0.001940644993		0.002025965354		3.935319302e-006		-0.0001199685612
2.608695652		-0.002805752543		0.01101420788		-0.001941118227		0.002024840064		3.933958628e-006		-0.0001198761037
2.618729097		-0.002825230835		0.01103451828		-0.001941517133		0.002023688576		3.932402115e-006		-0.0001197788797
2.628762542		-0.002844712753		0.01105481701		-0.001941840404		0.002022515912		3.930657384e-006		-0.0001196772454
2.638795987		-0.002864197532		0.01107510388		-0.001942087081		0.002021327143		3.928732824e-006		-0.0001195715696
2.648829431		-0.0028836844		0.01109537876		-0.001942256558		0.002020127358		3.92663754e-006		-0.0001194622319
2.658862876		-0.00290317258		0.01111564156		-0.001942348576		0.00201892164		3.92438129e-006		-0.0001193496211
2.668896321		-0.002922661295		0.01113589224		-0.001942363218		0.002017715042		3.921974429e-006		-0.0001192341331
2.678929766		-0.002942149769		0.01115613082		-0.001942300899		0.002016512562		3.919427847e-006		-0.0001191161696
2.688963211		-0.002961637233		0.01117635737		-0.001942162361		0.002015319124		3.916752904e-006		-0.000118996136
2.698996656		-0.002981122926		0.01119657201		-0.001941948661		0.002014139552		3.913961368e-006		-0.0001188744399
2.7090301		-0.003000606102		0.01121677489		-0.001941661157		0.002012978555		3.911065357e-006		-0.0001187514898
2.719063545		-0.003020086027		0.01123696623		-0.001941301499		0.002011840707		3.90807727e-006		-0.0001186276932
2.72909699		-0.003039561985		0.01125714627		-0.001940871611		0.002010730428		3.905009732e-006		-0.0001185034553
2.739130435		-0.003059033283		0.01127731533		-0.001940373681		0.002009651971		3.901875532e-006		-0.0001183791776
2.74916388		-0.00307849925		0.01129747374		-0.00193981014		0.002008609407		3.898687565e-006		-0.0001182552566
2.759197324		-0.003097959239		0.01131762187		-0.001939183651		0.002007606615		3.895458776e-006		-0.0001181320828
2.769230769		-0.003117412634		0.01133776016		-0.001938497091		0.002006647265		3.892202109e-006		-0.0001180100391
2.779264214		-0.003136858846		0.01135788904		-0.001937753534		0.002005734815		3.888930453e-006		-0.0001178895003
2.789297659		-0.00315629732		0.01137800902		-0.001936956235		0.002004872497		3.885656593e-006		-0.0001177708318
2.799331104		-0.003175727533		0.0113981206		-0.001936108612		0.002004063316		3.882393167e-006		-0.0001176543886
2.809364548		-0.003195148998		0.01141822434		-0.001935214233		0.002003310039		3.879152619e-006		-0.0001175405149
2.819397993		-0.003214561264		0.0114383208		-0.001934276794		0.002002615192		3.87594716e-006		-0.0001174295431
2.829431438		-0.003233963917		0.01145841059		-0.001933300108		0.002001981057		3.87278873e-006		-0.0001173217932
2.839464883		-0.003253356583		0.01147849433		-0.001932288088		0.002001409671		3.869688963e-006		-0.0001172175723
2.849498328		-0.003272738929		0.01149857266		-0.001931244729		0.002000902821		3.866659151e-006		-0.0001171171739
2.859531773		-0.003292110658		0.01151864623		-0.001930174097		0.002000462046		3.86371022e-006		-0.0001170208775
2.869565217		-0.003311471519		0.01153871571		-0.00192908031		0.002000088636		3.860852697e-006		-0.0001169289485
2.879598662		-0.0033308213		0.01155878179		-0.001927967527		0.001999783635		3.858096686e-006		-0.0001168416375
2.889632107		-0.003350159831		0.01157884515		-0.001926839934		0.001999547839		3.855451845e-006		-0.0001167591799
2.899665552		-0.003369486984		0.01159890649		-0.001925701729		0.0019993818		3.852927365e-006		-0.0001166817963
2.909698997		-0.003388802675		0.01161896652		-0.001924557112		0.001999285829		3.850531952e-006		-0.0001166096916
2.919732441		-0.003408106859		0.01163902594		-0.001923410271		0.00199926		3.848273808e-006		-0.0001165430551
2.929765886		-0.003427399537		0.01165908545		-0.001922265369		0.00199930415		3.846160616e-006		-0.0001164820604
2.939799331		-0.003446680746		0.01167914576		-0.001921126538		0.001999417885		3.844199526e-006		-0.0001164268653
2.949832776		-0.003465950571		0.01169920755		-0.00191999786		0.001999600585		3.842397141e-006		-0.0001163776115
2.959866221		-0.003485209132		0.01171927152		-0.001918883365		0.001999851408		3.840759511e-006		-0.0001163344246
2.969899666		-0.003504456591		0.01173933835		-0.001917787014		0.002000169293		3.839292115e-006		-0.0001162974145
2.97993311		-0.003523693152		0.0117594087		-0.001916712694		0.002000552965		3.837999858e-006		-0.0001162666745
2.989966555		-0.003542919053		0.01177948322		-0.001915664205		0.002001000943		3.836887061e-006		-0.0001162422819
