time		x		y		vx		vy		KineticEnergy		PotentialEnergy
0		0.00220805		0.00574628		-0.00191464		0.00200097		3.834874747e-006		-0.0001184352528
0.01003344482		0.002188849641		0.005766360152		-0.001913601737		0.002001579115		3.834095281e-006		-0.0001190526311
0.02006688963		0.002169654841		0.005786445921		-0.001912580903		0.002002217629		3.833420573e-006		-0.0001191725729
0.03010033445		0.002150470091		0.005806538432		-0.001911600541		0.00200292166		3.832955902e-006		-0.0001192908569
0.04013377926		0.002131294964		0.005826638329		-0.001910664989		0.002003688731		3.832704614e-006		-0.0001194071752
0.05016722408		0.002112128988		0.005846746233		-0.001909778443		0.002004516063		3.832669174e-006		-0.0001195212216
0.0602006689		0.002092971651		0.005866862732		-0.001908944936		0.002005400583		3.832851133e-006		-0.0001196326922
0.07023411371		0.002073822401		0.005886988385		-0.001908168312		0.002006338931		3.833251107e-006		-0.0001197412867
0.08026755853		0.002054680648		0.005907123714		-0.001907452209		0.00200732747		3.83386875e-006		-0.0001198467095
0.09030100334		0.002035545768		0.005927269204		-0.001906800032		0.0020083623		3.834702744e-006		-0.0001199486702
0.1003344482		0.002016417102		0.005947425298		-0.001906214934		0.002009439271		3.83575078e-006		-0.0001200468855
0.110367893		0.001997293963		0.0059675924		-0.001905699798		0.002010554003		3.83700956e-006		-0.0001201410795
0.1204013378		0.001978175635		0.005987770864		-0.001905257214		0.002011701898		3.838474789e-006		-0.0001202309853
0.1304347826		0.001959061377		0.006007961		-0.001904889464		0.002012878165		3.840141188e-006		-0.0001203163458
0.1404682274		0.001939950428		0.006028163068		-0.001904598505		0.002014077838		3.842002502e-006		-0.0001203969149
0.1505016722		0.001920842009		0.006048377277		-0.001904385952		0.002015295804		3.844051516e-006		-0.0001204724583
0.1605351171		0.001901735325		0.006068603786		-0.001904253068		0.002016526822		3.846280085e-006		-0.0001205427547
0.1705685619		0.001882629573		0.006088842699		-0.001904200751		0.002017765552		3.848679162e-006		-0.0001206075969
0.1806020067		0.001863523939		0.006109094065		-0.001904229526		0.002019006583		3.851238834e-006		-0.0001206667924
0.1906354515		0.001844417609		0.006129357881		-0.001904339535		0.002020244458		3.853948367e-006		-0.0001207201645
0.2006688963		0.001825309768		0.006149634087		-0.001904530539		0.002021473705		3.856796256e-006		-0.0001207675529
0.2107023411		0.001806199605		0.006169922571		-0.001904801907		0.002022688865		3.859770277e-006		-0.0001208088146
0.220735786		0.001787086318		0.006190223162		-0.001905152626		0.002023884525		3.86285755e-006		-0.0001208438248
0.2307692308		0.001767969117		0.006210535638		-0.001905581295		0.002025055341		3.866044604e-006		-0.0001208724769
0.2408026756		0.001748847228		0.006230859724		-0.001906086136		0.002026196075		3.869317445e-006		-0.0001208946836
0.2508361204		0.001729719897		0.006251195091		-0.001906665		0.002027301617		3.872661634e-006		-0.000120910377
0.2608695652		0.001710586392		0.006271541361		-0.001907315378		0.002028367019		3.876062358e-006		-0.000120919509
0.27090301		0.00169144601		0.006291898108		-0.001908034412		0.002029387522		3.879504515e-006		-0.0001209220516
0.2809364548		0.001672298076		0.006312264857		-0.001908818912		0.002030358576		3.882972794e-006		-0.0001209179968
0.2909698997		0.001653141952		0.00633264109		-0.001909665375		0.002031275874		3.88645176e-006		-0.0001209073571
0.3010033445		0.001633977032		0.006353026246		-0.001910569998		0.002032135369		3.889925938e-006		-0.0001208901651
0.3110367893		0.001614802754		0.006373419726		-0.001911528706		0.002032933298		3.893379894e-006		-0.0001208664731
0.3210702341		0.001595618597		0.006393820894		-0.001912537173		0.0020336662		3.896798327e-006		-0.0001208363536
0.3311036789		0.001576424082		0.006414229081		-0.001913590845		0.002034330939		3.900166145e-006		-0.0001207998982
0.3411371237		0.00155721878		0.006434643588		-0.001914684965		0.00203492471		3.903468546e-006		-0.0001207572175
0.3511705686		0.00153800231		0.00645506369		-0.001915814605		0.002035445062		3.906691102e-006		-0.0001207084407
0.3612040134		0.00151877434		0.00647548864		-0.001916974688		0.002035889902		3.909819825e-006		-0.0001206537145
0.3712374582		0.001499534591		0.006495917668		-0.00191816002		0.002036257507		3.912841248e-006		-0.0001205932029
0.381270903		0.001480282835		0.006516349994		-0.001919365316		0.002036546526		3.915742484e-006		-0.0001205270864
0.3913043478		0.001461018899		0.006536784823		-0.001920585232		0.002036755987		3.918511294e-006		-0.0001204555607
0.4013377926		0.001441742663		0.006557221352		-0.001921814392		0.002036885299		3.921136139e-006		-0.0001203788365
0.4113712375		0.001422454061		0.006577658775		-0.001923047416		0.002036934244		3.923606238e-006		-0.0001202971379
0.4214046823		0.001403153082		0.006598096287		-0.001924278947		0.00203690298		3.925911608e-006		-0.000120210702
0.4314381271		0.001383839768		0.006618533083		-0.001925503684		0.002036792032		3.928043109e-006		-0.0001201197775
0.4414715719		0.001364514213		0.006638968367		-0.001926716398		0.002036602286		3.929992475e-006		-0.0001200246238
0.4515050167		0.001345176563		0.006659401356		-0.001927911969		0.002036334975		3.931752346e-006		-0.00011992551
0.4615384615		0.001325827016		0.006679831277		-0.0019290854		0.002035991672		3.933316285e-006		-0.0001198227137
0.4715719064		0.001306465819		0.006700257376		-0.001930231845		0.002035574273		3.934678798e-006		-0.00011971652
0.4816053512		0.001287093266		0.006720678921		-0.001931346629		0.002035084983		3.935835346e-006		-0.0001196072205
0.491638796		0.001267709699		0.006741095202		-0.001932425267		0.002034526302		3.936782343e-006		-0.0001194951121
0.5016722408		0.001248315502		0.006761505536		-0.001933463481		0.002033901005		3.937517164e-006		-0.000119380496
0.5117056856		0.001228911101		0.006781909269		-0.001934457217		0.002033212122		3.938038129e-006		-0.0001192636767
0.5217391304		0.001209496962		0.006802305779		-0.001935402663		0.002032462924		3.938344501e-006		-0.000119144961
0.5317725753		0.001190073589		0.006822694478		-0.001936296253		0.002031656898		3.938436465e-006		-0.000119024657
0.5418060201		0.001170641519		0.006843074814		-0.001937134687		0.00203079773		3.938315109e-006		-0.0001189030732
0.5518394649		0.001151201321		0.006863446272		-0.001937914936		0.002029889284		3.937982402e-006		-0.0001187805175
0.5618729097		0.001131753594		0.006883808378		-0.001938634248		0.002028935578		3.937441163e-006		-0.0001186572963
0.5719063545		0.001112298962		0.006904160698		-0.001939290157		0.002027940767		3.936695033e-006		-0.0001185337141
0.5819397993		0.001092838073		0.006924502841		-0.001939880486		0.002026909121		3.935748442e-006		-0.0001184100721
0.5919732441		0.001073371594		0.00694483446		-0.001940403349		0.002025845004		3.93460657e-006		-0.0001182866679
0.602006689		0.001053900213		0.00696515525		-0.001940857155		0.002024752855		3.93327531e-006		-0.0001181637947
0.6120401338		0.001034424628		0.006985464952		-0.001941240604		0.002023637166		3.93176123e-006		-0.0001180417407
0.6220735786		0.001014945552		0.007005763353		-0.001941552687		0.002022502466		3.93007153e-006		-0.0001179207883
0.6321070234		0.0009954637044		0.007026050286		-0.001941792686		0.0020213533		3.928213999e-006		-0.0001178012139
0.6421404682		0.0009759798122		0.007046325627		-0.001941960168		0.002020194211		3.926196973e-006		-0.0001176832872
0.652173913		0.0009564946041		0.0070665893		-0.00194205498		0.002019029727		3.924029292e-006		-0.0001175672706
0.6622073579		0.0009370088092		0.007086841273		-0.001942077244		0.002017864338		3.921720253e-006		-0.0001174534193
0.6722408027		0.0009175231544		0.007107081561		-0.001942027351		0.002016702484		3.91927957e-006		-0.0001173419803
0.6822742475		0.0008980383607		0.00712731022		-0.001941905953		0.002015548542		3.916717328e-006		-0.0001172331924
0.6923076923		0.0008785551419		0.007147527351		-0.001941713957		0.002014406808		3.914043939e-006		-0.000117127286
0.7023411371		0.0008590742011		0.007167733099		-0.001941452515		0.002013281485		3.911270101e-006		-0.0001170244825
0.7123745819		0.0008395962286		0.007187927648		-0.001941123013		0.002012176672		3.908406754e-006		-0.0001169249946
0.7224080268		0.0008201218998		0.007208111226		-0.001940727066		0.002011096352		3.905465041e-006		-0.0001168290255
0.7324414716		0.0008006518727		0.007228284097		-0.001940266508		0.002010044379		3.902456264e-006		-0.0001167367692
0.7424749164		0.0007811867859		0.007248446565		-0.001939743378		0.002009024472		3.89939185e-006		-0.00011664841
0.7525083612		0.0007617272565		0.007268598969		-0.001939159912		0.002008040201		3.896283307e-006		-0.0001165641228
0.762541806		0.000742273878		0.007288741686		-0.001938518535		0.002007094983		3.893142191e-006		-0.0001164840726
0.7725752508		0.000722827219		0.007308875123		-0.001937821846		0.002006192071		3.889980067e-006		-0.0001164084146
0.7826086957		0.0007033878209		0.007328999721		-0.001937072613		0.002005334546		3.886808475e-006		-0.0001163372943
0.7926421405		0.0006839561966		0.00734911595		-0.001936273755		0.002004525317		3.8836389e-006		-0.0001162708471
0.8026755853		0.0006645328291		0.007369224309		-0.001935428338		0.002003767104		3.880482731e-006		-0.0001162091985
0.8127090301		0.0006451181698		0.007389325323		-0.001934539561		0.002003062445		3.877351238e-006		-0.0001161524642
0.8227424749		0.0006257126373		0.007409419542		-0.001933610747		0.002002413682		3.874255537e-006		-0.0001161007497
0.8327759197		0.0006063166163		0.007429507537		-0.001932645327		0.00200182296		3.871206562e-006		-0.0001160541506
0.8428093645		0.0005869304568		0.007449589902		-0.00193164684		0.002001292222		3.868215036e-006		-0.0001160127526
0.8528428094		0.0005675544724		0.007469667248		-0.00193061891		0.00200082321		3.865291447e-006		-0.0001159766312
0.8628762542		0.0005481889402		0.007489740201		-0.001929565244		0.002000417456		3.862446014e-006		-0.0001159458521
0.872909699		0.0005288340996		0.007509809404		-0.00192848962		0.002000076281		3.859688672e-006		-0.000115920471
0.8829431438		0.0005094901518		0.007529875511		-0.001927395873		0.001999800796		3.857029038e-006		-0.0001159005337
0.8929765886		0.0004901572593		0.007549939186		-0.001926287888		0.001999591899		3.854476394e-006		-0.0001158860759
0.9030100334		0.0004708355454		0.007570001101		-0.001925169588		0.001999450268		3.852039659e-006		-0.0001158771235
0.9130434783		0.0004515250937		0.007590061934		-0.001924044925		0.00199937637		3.849727372e-006		-0.0001158736923
0.9230769231		0.0004322259482		0.007610122366		-0.001922917868		0.001999370451		3.847547664e-006		-0.0001158757883
0.9331103679		0.0004129381131		0.00763018308		-0.001921792393		0.001999432541		3.845508243e-006		-0.0001158834075
0.9431438127		0.0003936615524		0.007650244758		-0.001920672475		0.001999562449		3.843616371e-006		-0.0001158965361
0.9531772575		0.0003743961905		0.007670308079		-0.001919562072		0.00199975977		3.841878844e-006		-0.0001159151501
0.9632107023		0.0003551419121		0.007690373716		-0.001918465122		0.00200002388		3.840301973e-006		-0.0001159392158
0.9732441472		0.0003358985626		0.007710442337		-0.001917385527		0.002000353937		3.838891567e-006		-0.0001159686896
0.983277592		0.0003166659484		0.007730514598		-0.001916327144		0.002000748886		3.837652914e-006		-0.0001160035176
0.9933110368		0.0002974438373		0.007750591144		-0.001915293775		0.002001207456		3.836590762e-006		-0.0001160436363
1.003344482		0.0002782319596		0.007770672607		-0.001914289156		0.002001728164		3.835709307e-006		-0.0001160889721
1.013377926		0.0002590300081		0.007790759602		-0.001913316946		0.002002309319		3.835012173e-006		-0.0001161394415
1.023411371		0.0002398376396		0.007810852727		-0.001912380717		0.002002949022		3.834502396e-006		-0.0001161949508
1.033444816		0.0002206544754		0.007830952559		-0.001911483942		0.002003645169		3.834182413e-006		-0.0001162553966
1.043478261		0.0002014801023		0.007851059654		-0.001910629986		0.002004395457		3.834054046e-006		-0.0001163206654
1.053511706		0.0001823140743		0.007871174542		-0.001909822094		0.002005197385		3.834118491e-006		-0.0001163906338
1.063545151		0.0001631559131		0.007891297728		-0.001909063377		0.002006048262		3.834376303e-006		-0.0001164651685
1.073578595		0.0001440051102		0.007911429691		-0.001908356806		0.00200694521		3.834827388e-006		-0.0001165441262
1.08361204		0.0001248611277		0.007931570876		-0.0019077052		0.00200788517		3.835470993e-006		-0.0001166273539
1.093645485		0.0001057234005		0.007951721701		-0.00190711121		0.002008864909		3.836305696e-006		-0.0001167146886
1.10367893		8.659133756e-005		0.007971882547		-0.001906577316		0.002009881027		3.837329402e-006		-0.0001168059577
1.113712375		6.746432394e-005		0.007992053762		-0.001906105809		0.002010929963		3.838539336e-006		-0.0001169009791
1.123745819		4.834172267e-005		0.008012235657		-0.001905698784		0.002012008008		3.83993204e-006		-0.0001169995609
1.133779264		2.922287677e-005		0.008032428504		-0.001905358128		0.002013111309		3.84150337e-006		-0.0001171015021
1.143812709		1.01071114e-005		0.008052632539		-0.001905085513		0.002014235882		3.843248499e-006		-0.0001172065923
1.153846154		-9.006263949e-006		0.008072847953		-0.001904882379		0.002015377622		3.845161918e-006		-0.0001173146122
1.163879599		-2.811795306e-005		0.008093074899		-0.001904749931		0.002016532317		3.847237442e-006		-0.0001174253336
1.173913043		-4.722867059e-005		0.008113313485		-0.001904689128		0.002017695655		3.849468216e-006		-0.0001175385198
1.183946488		-6.633913958e-005		0.008133563775		-0.001904700673		0.002018863244		3.851846726e-006		-0.0001176539258
1.193979933		-8.545008879e-005		0.008153825791		-0.001904785005		0.002020030621		3.854364812e-006		-0.0001177712986
1.204013378		-0.00010456225		0.008174099507		-0.001904942292		0.00202119327		3.857013685e-006		-0.0001178903777
1.214046823		-0.0001236763555		0.008194384853		-0.001905172425		0.002022346637		3.859783944e-006		-0.0001180108954
1.224080268		-0.0001427931348		0.008214681714		-0.00190547501		0.002023486147		3.862665602e-006		-0.0001181325773
1.234113712		-0.0001619133122		0.008234989926		-0.001905849367		0.002024607222		3.865648107e-006		-0.0001182551427
1.244147157		-0.0001810376037		0.008255309283		-0.001906294523		0.002025705295		3.868720376e-006		-0.0001183783051
1.254180602		-0.000200166714		0.008275639531		-0.001906809208		0.002026775837		3.871870825e-006		-0.0001185017729
1.264214047		-0.0002193013337		0.00829598037		-0.001907391857		0.002027814369		3.875087406e-006		-0.0001186252502
1.274247492		-0.0002384421359		0.008316331458		-0.001908040609		0.002028816486		3.87835765e-006		-0.0001187484369
1.284280936		-0.000257589774		0.008336692407		-0.001908753306		0.002029777876		3.881668706e-006		-0.00011887103
1.294314381		-0.0002767448778		0.008357062787		-0.001909527499		0.002030694342		3.88500739e-006		-0.0001189927242
1.304347826		-0.0002959080515		0.008377442126		-0.00191036045		0.00203156182		3.888360239e-006		-0.0001191132123
1.314381271		-0.0003150798701		0.008397829913		-0.001911249136		0.002032376406		3.891713559e-006		-0.0001192321868
1.324414716		-0.000334260877		0.008418225599		-0.001912190264		0.002033134372		3.895053489e-006		-0.00011934934
1.334448161		-0.0003534515811		0.008438628597		-0.001913180271		0.002033832187		3.898366057e-006		-0.0001194643657
1.344481605		-0.0003726524544		0.008459038285		-0.001914215343		0.002034466541		3.901637242e-006		-0.0001195769596
1.35451505		-0.0003918639291		0.008479454012		-0.001915291421		0.002035034364		3.904853045e-006		-0.0001196868202
1.364548495		-0.0004110863959		0.008499875095		-0.001916404222		0.002035532843		3.90799955e-006		-0.0001197936505
1.37458194		-0.0004303202012		0.008520300825		-0.001917549252		0.002035959445		3.911062997e-006		-0.0001198971585
1.384615385		-0.0004495656451		0.008540730469		-0.001918721823		0.002036311928		3.914029852e-006		-0.0001199970581
1.394648829		-0.0004688229802		0.008561163272		-0.001919917077		0.002036588365		3.916886876e-006		-0.0001200930708
1.404682274		-0.0004880924092		0.008581598463		-0.001921130002		0.002036787155		3.919621201e-006		-0.0001201849263
1.414715719		-0.0005073740839		0.008602035255		-0.00192235546		0.002036907037		3.922220395e-006		-0.0001202723636
1.424749164		-0.0005266681041		0.008622472851		-0.001923588208		0.002036947099		3.924672539e-006		-0.0001203551322
1.434782609		-0.0005459745162		0.008642910447		-0.001924822924		0.002036906795		3.92696629e-006		-0.0001204329931
1.444816054		-0.0005652933132		0.008663347235		-0.001926054235		0.002036785947		3.929090955e-006		-0.0001205057195
1.454849498		-0.000584624434		0.008683782406		-0.001927276742		0.002036584752		3.931036546e-006		-0.0001205730985
1.464882943		-0.0006039677629		0.008704215156		-0.001928485052		0.002036303786		3.932793853e-006		-0.0001206349312
1.474916388		-0.0006233231307		0.00872464469		-0.001929673801		0.002035944008		3.934354492e-006		-0.0001206910343
1.484949833		-0.0006426903141		0.00874507022		-0.001930837689		0.002035506753		3.935710961e-006		-0.0001207412403
1.494983278		-0.0006620690375		0.008765490979		-0.001931971505		0.002034993733		3.936856694e-006		-0.0001207853988
1.505016722		-0.0006814589731		0.008785906215		-0.001933070156		0.00203440703		3.937786095e-006		-0.000120823377
1.515050167		-0.0007008597429		0.0088063152		-0.001934128698		0.002033749087		3.938494584e-006		-0.0001208550601
1.525083612		-0.0007202709202		0.008826717233		-0.001935142361		0.002033022697		3.938978623e-006		-0.0001208803523
1.535117057		-0.0007396920311		0.008847111642		-0.00193610658		0.002032230989		3.93923574e-006		-0.0001208991769
1.545150502		-0.0007591225572		0.008867497788		-0.001937017014		0.002031377414		3.939264554e-006		-0.0001209114768
1.555183946		-0.0007785619377		0.008887875069		-0.001937869576		0.002030465726		3.939064778e-006		-0.0001209172147
1.565217391		-0.0007980095721		0.00890824292		-0.001938660454		0.002029499962		3.938637226e-006		-0.0001209163736
1.575250836		-0.0008174648231		0.00892860082		-0.001939386134		0.002028484422		3.937983812e-006		-0.0001209089562
1.585284281		-0.0008369270196		0.008948948293		-0.001940043414		0.002027423641		3.937107534e-006		-0.0001208949857
1.595317726		-0.0008563954602		0.008969284907		-0.001940629427		0.00202632237		3.93601246e-006		-0.0001208745051
1.605351171		-0.0008758694162		0.00898961028		-0.001941141653		0.002025185546		3.934703706e-006		-0.0001208475773
1.615384615		-0.0008953481355		0.009009924082		-0.001941577932		0.002024018262		3.933187396e-006		-0.0001208142846
1.62541806		-0.0009148308462		0.009030226031		-0.001941936473		0.002022825747		3.931470633e-006		-0.0001207747283
1.635451505		-0.0009343167604		0.009050515903		-0.001942215864		0.002021613326		3.929561451e-006		-0.0001207290285
1.64548495		-0.0009538050776		0.009070793523		-0.001942415076		0.002020386401		3.927468767e-006		-0.0001206773231
1.655518395		-0.0009732949893		0.009091058774		-0.001942533463		0.002019150413		3.925202323e-006		-0.0001206197676
1.665551839		-0.0009927856822		0.009111311591		-0.001942570768		0.00201791082		3.922772633e-006		-0.000120556534
1.675585284		-0.001012276343		0.009131551967		-0.001942527116		0.002016673061		3.920190916e-006		-0.00012048781
1.685618729		-0.001031766159		0.009151779947		-0.001942403009		0.002015442534		3.917469027e-006		-0.0001204137987
1.695652174		-0.001051254329		0.00917199563		-0.001942199322		0.002014224562		3.914619395e-006		-0.0001203347169
1.705685619		-0.001070740059		0.009192199169		-0.001941917293		0.00201302437		3.911654943e-006		-0.0001202507948
1.715719064		-0.001090222569		0.009212390768		-0.00194155851		0.002011847061		3.908589022e-006		-0.0001201622745
1.725752508		-0.001109701099		0.009232570682		-0.0019411249		0.002010697587		3.905435331e-006		-0.0001200694096
1.735785953		-0.001129174908		0.009252739215		-0.001940618713		0.002009580728		3.902207847e-006		-0.0001199724635
1.745819398		-0.001148643281		0.009272896717		-0.001940042507		0.002008501074		3.898920745e-006		-0.0001198717087
1.755852843		-0.001168105527		0.009293043584		-0.001939399127		0.002007462998		3.895588331e-006		-0.0001197674258
1.765886288		-0.001187560989		0.009313180255		-0.00193869169		0.002006470647		3.892224964e-006		-0.000119659902
1.775919732		-0.001207009039		0.009333307209		-0.001937923564		0.00200552792		3.888844989e-006		-0.0001195494308
1.785953177		-0.001226449087		0.009353424963		-0.001937098345		0.002004638454		3.885462665e-006		-0.0001194363101
1.795986622		-0.001245880578		0.009373534068		-0.001936219838		0.002003805616		3.882092103e-006		-0.0001193208417
1.806020067		-0.001265302997		0.009393635109		-0.001935292034		0.002003032486		3.878747199e-006		-0.0001192033301
1.816053512		-0.00128471587		0.009413728699		-0.001934319087		0.002002321857		3.875441575e-006		-0.0001190840817
1.826086957		-0.001304118765		0.00943381548		-0.001933305295		0.002001676219		3.872188524e-006		-0.0001189634037
1.836120401		-0.001323511294		0.009453896115		-0.001932255074		0.00200109776		3.869000957e-006		-0.000118841603
1.846153846		-0.001342893114		0.009473971288		-0.001931172937		0.002000588361		3.865891352e-006		-0.0001187189857
1.856187291		-0.001362263928		0.009494041701		-0.001930063474		0.002000149596		3.86287171e-006		-0.0001185958561
1.866220736		-0.001381623485		0.009514108069		-0.001928931327		0.001999782729		3.859953514e-006		-0.0001184725159
1.876254181		-0.00140097158		0.00953417112		-0.001927781173		0.001999488718		3.857147692e-006		-0.0001183492633
1.886287625		-0.001420308057		0.009554231589		-0.001926617703		0.001999268214		3.854464583e-006		-0.0001182263927
1.89632107		-0.001439632805		0.009574290215		-0.001925445599		0.001999121573		3.851913908e-006		-0.0001181041935
1.906354515		-0.001458945761		0.009594347741		-0.001924269519		0.001999048851		3.849504745e-006		-0.0001179829501
1.91638796		-0.001478246909		0.009614404908		-0.001923094079		0.001999049818		3.847245507e-006		-0.0001178629408
1.926421405		-0.001497536278		0.009634462453		-0.001921923834		0.001999123964		3.845143924e-006		-0.0001177444376
1.936454849		-0.001516813942		0.009654521108		-0.001920763262		0.001999270504		3.843207029e-006		-0.0001176277056
1.946488294		-0.001536080022		0.009674581593		-0.001919616752		0.00199948839		3.841441148e-006		-0.0001175130026
1.956521739		-0.00155533468		0.00969464462		-0.001918488587		0.001999776318		3.83985189e-006		-0.0001174005788
1.966555184		-0.001574578121		0.009714710884		-0.001917382929		0.002000132742		3.838444141e-006		-0.0001172906762
1.976588629		-0.001593810591		0.009734781063		-0.001916303811		0.002000555882		3.837222066e-006		-0.0001171835287
1.986622074		-0.001613032378		0.009754855818		-0.001915255123		0.002001043735		3.836189108e-006		-0.0001170793613
1.996655518		-0.001632243805		0.009774935787		-0.001914240604		0.002001594086		3.835347989e-006		-0.0001169783904
2.006688963		-0.001651445233		0.009795021586		-0.001913263829		0.002002204524		3.834700717e-006		-0.0001168808231
2.016722408		-0.001670637059		0.009815113804		-0.0019123282		0.002002872447		3.834248593e-006		-0.0001167868576
2.026755853		-0.001689819712		0.009835213006		-0.001911436945		0.00200359508		3.833992221e-006		-0.0001166966822
2.036789298		-0.001708993653		0.009855319726		-0.001910593103		0.002004369484		3.833931516e-006		-0.0001166104762
2.046822742		-0.001728159373		0.009875434467		-0.001909799521		0.002005192567		3.834065721e-006		-0.000116528409
2.056856187		-0.001747317389		0.009895557704		-0.001909058849		0.002006061101		3.834393415e-006		-0.0001164506402
2.066889632		-0.001766468246		0.009915689874		-0.001908373535		0.002006971729		3.834912535e-006		-0.0001163773198
2.076923077		-0.00178561251		0.009935831384		-0.00190774582		0.002007920979		3.835620385e-006		-0.0001163085879
2.086956522		-0.001804750771		0.009955982603		-0.001907177735		0.002008905276		3.83651366e-006		-0.0001162445748
2.096989967		-0.001823883635		0.009976143864		-0.001906671097		0.002009920954		3.837588457e-006		-0.0001161854007
2.107023411		-0.001843011729		0.009996315465		-0.00190622751		0.002010964267		3.838840301e-006		-0.000116131176
2.117056856		-0.001862135692		0.01001649766		-0.001905848357		0.0020120314		3.840264158e-006		-0.0001160820012
2.127090301		-0.001881256178		0.01003669068		-0.001905534805		0.002013118483		3.84185446e-006		-0.0001160379669
2.137123746		-0.001900373849		0.01005689469		-0.0019052878		0.002014221597		3.843605123e-006		-0.0001159991535
2.147157191		-0.001919489378		0.01007710984		-0.001905108068		0.002015336792		3.845509569e-006		-0.0001159656319
2.157190635		-0.001938603442		0.01009733623		-0.001904996113		0.002016460092		3.847560747e-006		-0.0001159374627
2.16722408		-0.001957716725		0.01011757392		-0.00190495222		0.002017587509		3.849751158e-006		-0.0001159146968
2.177257525		-0.001976829908		0.01013782294		-0.001904976453		0.002018715051		3.852072871e-006		-0.0001158973751
2.18729097		-0.001995943677		0.01015808325		-0.001905068656		0.002019838737		3.854517555e-006		-0.0001158855286
2.197324415		-0.002015058711		0.01017835482		-0.001905228459		0.002020954603		3.857076494e-006		-0.0001158791784
2.20735786		-0.002034175686		0.01019863753		-0.001905455271		0.002022058714		3.859740616e-006		-0.0001158783358
2.217391304		-0.002053295271		0.01021893125		-0.001905748289		0.002023147174		3.862500513e-006		-0.0001158830021
2.227424749		-0.002072418127		0.0102392358		-0.001906106496		0.002024216137		3.865346471e-006		-0.0001158931688
2.237458194		-0.0020915449		0.01025955097		-0.001906528666		0.002025261817		3.868268491e-006		-0.0001159088175
2.247491639		-0.002110676227		0.0102798765		-0.001907013366		0.002026280496		3.871256314e-006		-0.0001159299199
2.257525084		-0.002129812727		0.01030021211		-0.001907558958		0.002027268537		3.87429945e-006		-0.0001159564378
2.267558528		-0.002148955002		0.01032055748		-0.001908163604		0.002028222391		3.877387205e-006		-0.0001159883231
2.277591973		-0.002168103635		0.01034091223		-0.001908825269		0.002029138611		3.880508705e-006		-0.0001160255178
2.287625418		-0.002187259188		0.01036127598		-0.001909541725		0.002030013856		3.883652926e-006		-0.000116067954
2.297658863		-0.002206422198		0.01038164829		-0.001910310554		0.002030844906		3.886808724e-006		-0.0001161155538
2.307692308		-0.002225593179		0.01040202872		-0.001911129159		0.002031628672		3.889964861e-006		-0.0001161682295
2.317725753		-0.002244772616		0.01042241676		-0.001911994762		0.002032362199		3.893110039e-006		-0.0001162258834
2.327759197		-0.002263960967		0.01044281191		-0.001912904412		0.002033042686		3.896232927e-006		-0.0001162884079
2.337792642		-0.002283158658		0.0104632136		-0.001913854996		0.002033667487		3.899322197e-006		-0.0001163556856
2.347826087		-0.002302366084		0.01048362129		-0.001914843239		0.002034234125		3.902366554e-006		-0.0001164275889
2.357859532		-0.002321583606		0.01050403436		-0.001915865716		0.002034740301		3.905354768e-006		-0.0001165039806
2.367892977		-0.00234081155		0.0105244522		-0.001916918858		0.002035183902		3.908275712e-006		-0.0001165847137
2.377926421		-0.002360050205		0.01054487417		-0.001917998961		0.002035563013		3.911118396e-006		-0.0001166696312
2.387959866		-0.002379299823		0.01056529961		-0.001919102196		0.002035875921		3.913872001e-006		-0.0001167585665
2.397993311		-0.002398560617		0.01058572786		-0.001920224616		0.002036121131		3.916525917e-006		-0.0001168513433
2.408026756		-0.002417832759		0.01060615823		-0.001921362171		0.002036297368		3.919069781e-006		-0.000116947776
2.418060201		-0.00243711638		0.01062659002		-0.001922510715		0.00203640359		3.921493515e-006		-0.0001170476693
2.428093645		-0.002456411569		0.01064702252		-0.001923666019		0.002036438992		3.923787362e-006		-0.0001171508187
2.43812709		-0.002475718373		0.01066745502		-0.001924823787		0.002036403017		3.925941929e-006		-0.0001172570108
2.448160535		-0.002495036796		0.01068788679		-0.001925979662		0.002036295359		3.927948224e-006		-0.000117366023
2.45819398		-0.002514366795		0.01070831713		-0.001927129247		0.002036115973		3.929797696e-006		-0.0001174776243
2.468227425		-0.002533708285		0.01072874531		-0.001928268118		0.002035865079		3.931482277e-006		-0.0001175915751
2.47826087		-0.002553061138		0.01074917061		-0.001929391835		0.002035543166		3.932994416e-006		-0.0001177076279
2.488294314		-0.002572425178		0.01076959233		-0.001930495963		0.002035150998		3.934327125e-006		-0.0001178255274
2.498327759		-0.002591800188		0.01079000976		-0.001931576089		0.002034689617		3.935474013e-006		-0.0001179450106
2.508361204		-0.002611185903		0.01081042222		-0.001932627835		0.002034160343		3.936429324e-006		-0.0001180658081
2.518394649		-0.002630582017		0.01083082903		-0.001933646879		0.002033564777		3.937187977e-006		-0.0001181876434
2.528428094		-0.002649988181		0.01085122954		-0.001934628973		0.002032904802		3.937745599e-006		-0.0001183102345
2.538461538		-0.002669404003		0.01087162311		-0.001935569961		0.00203218258		3.938098557e-006		-0.0001184332936
2.548494983		-0.00268882905		0.01089200912		-0.0019364658		0.00203140055		3.938243996e-006		-0.0001185565282
2.558528428		-0.002708262849		0.010912387		-0.001937312577		0.002030561425		3.938179861e-006		-0.0001186796416
2.568561873		-0.002727704888		0.01093275618		-0.001938106529		0.002029668184		3.937904928e-006		-0.0001188023333
2.578595318		-0.002747154618		0.01095311613		-0.001938844064		0.00202872407		3.937418829e-006		-0.0001189243005
2.588628763		-0.002766611457		0.01097346636		-0.001939521779		0.002027732578		3.93672207e-006		-0.0001190452379
2.598662207		-0.002786074788		0.01099380641		-0.001940136482		0.002026697444		3.93581605e-006		-0.0001191648393
2.608695652		-0.002805543962		0.01101413587		-0.001940685207		0.002025622638		3.934703072e-006		-0.0001192827979
2.618729097		-0.002825018304		0.01103445436		-0.001941165234		0.002024512347		3.933386354e-006		-0.0001193988077
2.628762542		-0.002844497111		0.01105476154		-0.001941574109		0.002023370961		3.931870033e-006		-0.0001195125641
2.638795987		-0.002863979657		0.01107505712		-0.001941909657		0.002022203059		3.930159164e-006		-0.0001196237651
2.648829431		-0.002883465197		0.01109534086		-0.001942170004		0.002021013386		3.928259714e-006		-0.0001197321118
2.658862876		-0.002902952968		0.01111561257		-0.001942353583		0.002019806838		3.926178551e-006		-0.0001198373102
2.668896321		-0.002922442192		0.0111358721		-0.001942459156		0.00201858844		3.92392343e-006		-0.0001199390716
2.678929766		-0.002941932082		0.01115611936		-0.001942485821		0.002017363321		3.921502967e-006		-0.000120037114
2.688963211		-0.002961421841		0.01117635431		-0.001942433025		0.002016136695		3.918926616e-006		-0.0001201311629
2.698996656		-0.002980910671		0.01119657696		-0.001942300572		0.002014913831		3.916204629e-006		-0.0001202209527
2.7090301		-0.003000397772		0.01121678736		-0.001942088628		0.00201370003		3.913348025e-006		-0.0001203062275
2.719063545		-0.003019882349		0.01123698565		-0.001941797729		0.002012500599		3.91036854e-006		-0.000120386742
2.72909699		-0.003039363613		0.01125717199		-0.00194142878		0.002011320821		3.907278576e-006		-0.0001204622631
2.739130435		-0.003058840786		0.01127734661		-0.00194098306		0.002010165929		3.904091151e-006		-0.0001205325703
2.74916388		-0.003078313106		0.01129750977		-0.001940462214		0.002009041079		3.90081983e-006		-0.0001205974568
2.759197324		-0.003097779827		0.01131766181		-0.001939868255		0.002007951318		3.89747867e-006		-0.0001206567307
2.769230769		-0.003117240228		0.01133780311		-0.001939203551		0.00200690156		3.894082142e-006		-0.0001207102156
2.779264214		-0.003136693611		0.01135793408		-0.001938470822		0.002005896557		3.890645062e-006		-0.0001207577514
2.789297659		-0.003156139308		0.01137805521		-0.001937673124		0.00200494087		3.887182515e-006		-0.0001207991951
2.799331104		-0.003175576683		0.01139816701		-0.001936813839		0.002004038846		3.883709772e-006		-0.0001208344216
2.809364548		-0.003195005137		0.01141827004		-0.001935896654		0.002003194591		3.880242212e-006		-0.0001208633241
2.819397993		-0.003214424108		0.01143836489		-0.001934925547		0.002002411947		3.876795238e-006		-0.0001208858146
2.829431438		-0.003233833075		0.01145845222		-0.001933904765		0.00200169447		3.873384195e-006		-0.0001209018246
2.839464883		-0.003253231561		0.01147853268		-0.001932838803		0.002001045408		3.870024282e-006		-0.0001209113051
2.849498328		-0.003272619138		0.01149860697		-0.001931732378		0.002000467686		3.866730471e-006		-0.0001209142269
2.859531773		-0.003291995422		0.01151867584		-0.001930590405		0.001999963884		3.863517426e-006		-0.000120910581
2.869565217		-0.003311360082		0.01153874003		-0.001929417972		0.001999536229		3.860399421e-006		-0.0001209003785
2.879598662		-0.003330712839		0.01155880031		-0.001928220307		0.001999186578		3.857390263e-006		-0.0001208836502
2.889632107		-0.003350053466		0.01157885749		-0.001927002754		0.001998916411		3.854503216e-006		-0.0001208604471
2.899665552		-0.003369381791		0.01159891235		-0.001925770742		0.001998726823		3.851750932e-006		-0.0001208308396
2.909698997		-0.003388697695		0.01161896572		-0.001924529756		0.00199861852		3.849145385e-006		-0.0001207949175
2.919732441		-0.003408001117		0.01163901841		-0.001923285304		0.001998591817		3.846697806e-006		-0.0001207527895
2.929765886		-0.003427292049		0.01165907124		-0.00192204289		0.00199864664		3.844418631e-006		-0.0001207045823
2.939799331		-0.00344657054		0.01167912503		-0.001920807984		0.001998782526		3.842317449e-006		-0.0001206504407
2.949832776		-0.003465836691		0.01169918059		-0.001919585994		0.00199899863		3.840402956e-006		-0.0001205905263
2.959866221		-0.00348509066		0.01171923871		-0.001918382234		0.001999293736		3.838682917e-006		-0.0001205250172
2.969899666		-0.003504332656		0.01173930019		-0.0019172019		0.00199966626		3.837164139e-006		-0.0001204541069
2.97993311		-0.003523562939		0.01175936579		-0.001916050044		0.002000114272		3.835852437e-006		-0.0001203780033
2.989966555		-0.00354278182		0.01177943627		-0.001914931549		0.002000635501		3.834752623e-006		-0.0001202969284
