time		x		y		vx		vy		KineticEnergy		PotentialEnergy		AngularMomentum
0		0		0		0		0		0		-0.0001184352528		0
0.0202020202		2.399554456e-07		3.004765993e-08		2.375559486e-05		2.974719053e-06		2.865886203e-10		-0.001184719078		0
0.0404040404		9.598220145e-07		1.201906688e-07		4.725535621e-05		7.421006092e-06		1.144070011e-09		-0.001185814786		1.44319215e-12
0.06060606061		2.149262767e-06		3.298862899e-07		7.007369678e-05		1.477855804e-05		2.564364379e-09		-0.001187627756		8.646652688e-12
0.08080808081		3.79108249e-06		7.173041248e-07		9.18725305e-05		2.496700856e-05		4.531956689e-09		-0.001190137945		2.875144392e-11
0.101010101		5.861284202e-06		1.338654313e-06		0.0001123174711		3.787195999e-05		7.02474983e-09		-0.001193316836		7.162405375e-11
0.1212121212		8.329162129e-06		2.247484327e-06		0.0001310799762		5.3343262e-05		1.001373188e-08		-0.001197127016		1.497044857e-10
0.1414141414		1.115744486e-05		3.493937626e-06		0.0001478402568		7.119304205e-05		1.346259538e-08		-0.001201521694		2.77787805e-10
0.1616161616		1.430250584e-05		5.123970874e-06		0.0001622911138		9.119368565e-05		1.732734695e-08		-0.001206444205		4.727232813e-10
0.1818181818		1.771466157e-05		7.178530986e-06		0.000174142834		0.0001130760223		2.155595673e-08		-0.001211827576		7.530137379e-10
0.202020202		2.133857994e-05		9.692699049e-06		0.0001831292257		0.0001365280326		2.60881085e-08		-0.00121759421		1.138297865e-09
0.2222222222		2.511382221e-05		1.269481513e-05		0.0001890148016		0.0001611944478		3.085512261e-08		-0.001223655808		1.648700739e-09
0.2424242424		2.897554162e-05		1.620560603e-05		0.0001916030153		0.0001866776588		3.578013189e-08		-0.001229913612		2.304043292e-09
0.2626262626		3.285535818e-05		2.02373468e-05		0.0001907453308		0.000212540371		4.077859526e-08		-0.001236259083		3.122910607e-09
0.2828282828		3.668242367e-05		2.479309577e-05		0.0001863507492		0.0002383104247		4.575923013e-08		-0.001242575128		4.121591991e-09
0.303030303		4.038468138e-05		2.986605083e-05		0.0001783952538		0.0002634881335		5.062543152e-08		-0.001248737943		5.312922602e-09
0.3232323232		4.389031271e-05		3.543908096e-05		0.0001669304694		0.0002875563563		5.527721983e-08		-0.001254619546		6.705075978e-09
0.3434343434		4.712934681e-05		4.148448947e-05		0.0001520907067		0.0003099933163		5.961371961e-08		-0.001260090991		8.300377196e-09
0.3636363636		5.003539177e-05		4.796406344e-05		0.0001340974869		0.00033028791		6.353611975e-08		-0.001265026193		1.009422461e-08
0.3838383838		5.254742709e-05		5.482945553e-05		0.0001132606776		0.0003479569333		6.695100427e-08		-0.00126930623		1.20742203e-08
0.404040404		5.461158076e-05		6.202292943e-05		8.997551091e-05		0.0003625633312		6.977388086e-08		-0.001272823888		1.421961188e-08
0.4242424242		5.618280127e-05		6.947847901e-05		6.471503658e-05		0.0003737342962		7.193268004e-08		-0.001275488156		1.650113738e-08
0.4444444444		5.722632971e-05		7.712330503e-05		3.801795221e-05		0.000381177861		7.337096322e-08		-0.001277228338		1.888133983e-08
0.4646464646		5.771888015e-05		8.487960471e-05		1.047221769e-05		0.0003846966033		7.405057197e-08		-0.001277997415		2.131537944e-08
0.4848484848		5.764944962e-05		9.266660214e-05		-1.730466835e-05		0.0003841972269		7.395348036e-08		-0.001277774381		2.375232349e-08
0.5050505051		5.701970163e-05		0.000100402725		-4.468745154e-05		0.000379695117		7.308267512e-08		-0.0012765653		2.613684419e-08
0.5252525253		5.584389602e-05		0.000108007819		-7.1065429e-05		0.0003713134302		7.146197934e-08		-0.001274403003		2.841121058e-08
0.5454545455		5.414837116e-05		0.0001154052878		-9.586368034e-05		0.0003592768177		6.913483846e-08		-0.001271345432		3.05174301e-08
0.5656565657		5.197061601e-05		0.000122524054		-0.000118561762		0.0003439003999		6.616218821e-08		-0.001267472822		3.239938336e-08
0.5858585859		4.935799694e-05		0.0001293002535		-0.0001387087211		0.0003255750321		6.261960543e-08		-0.001262883951		3.400480423e-08
0.6060606061		4.636622324e-05		0.0001356786008		-0.0001559337195		0.0003047501641		5.859399371e-08		-0.001257691824		3.528698303e-08
0.6262626263		4.305764464e-05		0.0001416133914		-0.000169952034		0.0002819156789		5.418007194e-08		-0.001252019109		3.620610903e-08
0.6464646465		3.949947439e-05		0.0001470691333		-0.0001805666385		0.000257584008		4.947691606e-08		-0.001245993672		3.673021195e-08
0.6666666667		3.576202288e-05		0.0001520208261		-0.0001876659278		0.0002322735969		4.458476214e-08		-0.00123974446		3.683570306e-08
0.6868686869		3.191701266e-05		0.0001564539251		-0.0001912183666		0.0002064944971		3.960222053e-08		-0.00123339794		3.650755149e-08
0.7070707071		2.803602827e-05		0.0001603640381		-0.0001912649518		0.0001807365371		3.462398882e-08		-0.001227075184		3.573915468e-08
0.7272727273		2.418913582e-05		0.0001637564114		-0.0001879103624		0.0001554602292		2.973909357e-08		-0.001220889647		3.453197521e-08
0.7474747475		2.044369039e-05		0.0001666452595		-0.0001813135816		0.0001310903189		2.502964329e-08		-0.001214945609		3.289501874e-08
0.7676767677		1.686333454e-05		0.00016905299		-0.00017167863		0.0001080117135		2.057004112e-08		-0.001209337207		3.084422337e-08
0.7878787879		1.350718009e-05		0.0001710093691		-0.0001592458865		8.656741004e-05		1.642658442e-08		-0.00120414796		2.840182018e-08
0.8080808081		1.042915731e-05		0.0001725506631		-0.0001442843133		6.705800229e-05		1.265736937e-08		-0.001199450687		2.55957124e-08
0.8282828283		7.677510867e-06		0.0001737187833		-0.0001270847583		4.974233672e-05		9.312417928e-09		-0.001195307705		2.245890693e-08
0.8484848485		5.294419604e-06		0.0001745604545		-0.0001079543904		3.483892268e-05		6.433950471e-09		-0.001191771201		1.902901933e-08
0.8686868687		3.315717315e-06		0.0001751264166		-8.721223587e-05		2.252774721e-05		4.05673674e-09		-0.001188883713		1.534786199e-08
0.8888888889		1.770692902e-06		0.0001754706665		-6.518571663e-05		1.295220293e-05		2.208468607e-09		-0.001186678618		1.146111552e-08
0.9090909091		6.819509865e-07		0.0001756497379		-4.220805077e-05		6.220895482e-06		9.101095452e-10		-0.001185180597		7.418075401e-09
0.9292929293		6.531711359e-08		0.0001757220158		-1.861634752e-05		2.409151441e-06		1.761862029e-10		-0.00118440602		3.271459472e-09
0.9494949495		-7.022467097e-08		0.0001757470774		5.249786024e-06		1.560097475e-06		1.499707872e-11		-0.001184363219		-9.227441079e-10
0.9696969697		2.774296802e-07		0.00017578505		2.904931744e-05		3.685225543e-06		4.287218656e-10		-0.001185052634		-5.10541333e-09
0.9898989899		1.103485125e-06		0.0001758959754		5.244073579e-05		8.764398948e-06		1.41342273e-09		-0.001186466822		-9.214442987e-09
1.01010101		2.396247288e-06		0.0001761391672		7.508306957e-05		1.674529153e-05		2.958936062e-09		-0.001188590329		-1.318494348e-08
1.03030303		4.137144501e-06		0.0001765725528		9.663717319e-05		2.754228972e-05		5.048660482e-09		-0.001191399422		-1.694952593e-08
1.050505051		6.300779538e-06		0.000177251987		0.0001167674777		4.103492686e-05		7.659254534e-09		-0.001194861725		-2.04387154e-08
1.070707071		8.855022388e-06		0.0001782305296		0.0001351443966		5.706596318e-05		1.076026605e-08		-0.001198935759		-2.358153701e-08
1.090909091		1.17611592e-05		0.0001795576824		0.0001514475661		7.543927446e-05		1.43137247e-08		-0.001203570447		-2.630632066e-08
1.111111111		1.497411597e-05		0.0001812785811		0.000165370076		9.591776804e-05		1.827374013e-08		-0.001208704644		-2.854176895e-08
1.131313131		1.844277843e-05		0.0001834331478		0.0001766238121		0.0001182216048		2.258615942e-08		-0.001214266734		-3.021832697e-08
1.151515152		2.211043161e-05		0.0001860552116		0.00018494597		0.0001420270663		2.718834969e-08		-0.001220174415		-3.126988185e-08
1.171717172		2.591534287e-05		0.0001891716151		0.0001901067185		0.0001669664617		3.200918188e-08		-0.001226334748		-3.163580189e-08
1.191919192		2.979151114e-05		0.0001928013313		0.0001919178786		0.0001926295063		3.696929942e-08		-0.001232644573		-3.126329841e-08
1.212121212		3.36696006e-05		0.0001969546255		0.0001902423436		0.0002185666153		4.198175731e-08		-0.001238991422		-3.01100589e-08
1.232323232		3.747807048e-05		0.0002016323057		0.0001850038059		0.0002442945214		4.695311069e-08		-0.001245255006		-2.814705664e-08
1.252525253		4.114450184e-05		0.0002068251112		0.000176196185		0.0002693045349		5.178501406e-08		-0.001251309356		-2.536139463e-08
1.272727273		4.459710826e-05		0.000212513297		0.0001638919977		0.0002930736019		5.637636153e-08		-0.001257025662		-2.175899363e-08
1.292929293		4.776640074e-05		0.0002186664689		0.0001482487945		0.0003150780882		6.062595335e-08		-0.00126227576		-1.736689417e-08
1.313131313		5.058695854e-05		0.0002252437248		0.0001295127508		0.0003348099208		6.443561784e-08		-0.001266936198		-1.223491881e-08
1.333333333		5.299923916e-05		0.0002321941424		0.0001080185701		0.0003517943971		6.771365465e-08		-0.001270892669		-6.436443858e-09
1.353535354		5.495134521e-05		0.0002394576398		8.418504905e-05		0.0003656086519		7.037840442e-08		-0.001274044575		-6.806591023e-11
1.373737374		5.640065528e-05		0.0002469662092		5.850598194e-05		0.0003758995239		7.236170101e-08		-0.001276309394		6.751978896e-09
1.393939394		5.731522327e-05		0.0002546454994		3.153650533e-05		0.0003823994302		7.361193769e-08		-0.0012776265		1.388667957e-08
1.414141414		5.767485752e-05		0.0002624166912		3.875463283e-06		0.000384938892		7.409648491e-08		-0.001277960114		2.11843095e-08
1.434343434		5.747180764e-05		0.0002701985859		-2.385517229e-05		0.0003834545743		7.38032399e-08		-0.001277301089		2.848346135e-08
1.454545455		5.671101217e-05		0.0002779098053		-5.10324346e-05		0.0003779920854		7.2741163e-08		-0.001275667375		3.561872772e-08
1.474747475		5.540989109e-05		0.0002854709934		-7.705446616e-05		0.000368703288		7.093975266e-08		-0.001273103116		4.242662403e-08
1.494949495		5.359770041e-05		0.0002928069079		-0.0001013610229		0.0003558384096		6.844751536e-08		-0.00126967645		4.875132818e-08
1.515151515		5.131449623e-05		0.0002998483029		-0.0001234510163		0.0003397337347		6.532958195e-08		-0.001265476248		5.444984317e-08
1.535353535		4.860978056e-05		0.0003065335234		-0.0001428960975		0.0003207960261		6.166469253e-08		-0.001260608072		5.939626867e-08
1.555555556		4.554091653e-05		0.0003128097585		-0.0001593497456		0.000299485024		5.754181051e-08		-0.00125518971		6.348497791e-08
1.575757576		4.2171407e-05		0.0003186339284		-0.0001725517885		0.0002762953839		5.305662943e-08		-0.001249346621		6.663261931e-08
1.595959596		3.85691271e-05		0.0003239732083		-0.0001823286965		0.0002517392773		4.830820866e-08		-0.001243207595		6.877897697e-08
1.616161616		3.480459098e-05		0.0003288052123		-0.0001885902954		0.0002263306219		4.339592497e-08		-0.001236900862		6.988681685e-08
1.636363636		3.094931718e-05		0.0003331178799		-0.0001913237251		0.0002005715975		3.841686676e-08		-0.001230550808		6.994090767e-08
1.656565657		2.707433946e-05		0.0003369091153		-0.0001905855284		0.0001749417919		3.346373711e-08		-0.001224275367		6.894643522e-08
1.676767677		2.324889179e-05		0.0003401862351		-0.000186492711		0.0001498900382		2.862327742e-08		-0.001218184095		6.692703053e-08
1.696969697		1.953928042e-05		0.0003429652784		-0.0001792135017		0.0001258287884		2.397518159e-08		-0.001212376883		6.392261249e-08
1.717171717		1.600794223e-05		0.0003452702266		-0.0001689583905		0.0001031307164		1.959144118e-08		-0.001206943219		5.998721231e-08
1.737373737		1.271267879e-05		0.0003471321761		-0.0001559718602		8.212715902e-05		1.553604571e-08		-0.001201961898		5.518690743e-08
1.757575758		9.706048884e-06		0.0003485884956		-0.0001405250747		6.310797165e-05		1.186495635e-08		-0.00119750108		4.959795345e-08
1.777777778		7.034897994e-06		0.0003496819931		-0.0001229096527		4.63223856e-05		8.626273062e-09		-0.001193618567		4.330516557e-08
1.797979798		4.740002312e-06		0.0003504601072		-0.0001034325527		3.198049095e-05		5.860522384e-09		-0.001190362243		3.640057112e-08
1.818181818		2.855804954e-06		0.0003509741342		-8.241201377e-05		2.025501883e-05		3.601002901e-09		-0.001187770558		2.898232956e-08
1.838383838		1.410223978e-06		0.0003512784918		-6.017443928e-05		1.128315393e-05		1.874136353e-09		-0.001185873017		2.115389805e-08
1.858585859		4.245144781e-07		0.0003514300192		-3.705207822e-05		5.168164107e-06		6.997832105e-10		-0.00118469061		1.302340652e-08
1.878787879		-8.682968781e-08		0.0003514873065		-1.338133123e-05		1.980685784e-06		9.149157082e-11		-0.001184236155		4.703196089e-09
1.898989899		-1.161453696e-07		0.0003515100469		1.049850151e-05		1.759550515e-06		5.665727593e-11		-0.001184514514		-3.69053312e-09
1.919191919		3.373521912e-07		0.0003515583994		3.424622165e-05		4.512080226e-06		5.965812826e-10		-0.001185522683		-1.203802471e-08
1.939393939		1.267540354e-06		0.0003516923531		5.751967858e-05		1.021381692e-05		1.70641774e-09		-0.001187249736		-2.021628469e-08
1.95959596		2.661379609e-06		0.0003519710789		7.997685693e-05		1.880768986e-05		3.375013421e-09		-0.001189676638		-2.809948622e-08
1.97979798		4.498928512e-06		0.0003524522598		0.000101277304		3.020266131e-05		5.584646523e-09		-0.00119277593		-3.555953503e-08
2		6.75339189e-06		0.0003531913885		0.0001210840932		4.427193328e-05		8.310680851e-09		-0.00119651132		-4.246687328e-08
