time		x		y		vx		vy		KineticEnergy		PotentialEnergy
0		0.00220805		0.00574628		-0.00191464		0.00200097		3.834874747e-006		-0.0001184352528
0.01003344482		0.002188849658		0.005766360161		-0.00191359847		0.002001581016		3.834092835e-006		-0.0001190532331
0.02006688963		0.002169654907		0.00578644596		-0.001912574101		0.002002221758		3.833415831e-006		-0.0001191752859
0.03010033445		0.002150470244		0.005806538524		-0.001911589684		0.002002928725		3.832949298e-006		-0.0001192974954
0.04013377926		0.002131295247		0.005826638509		-0.001910649598		0.002003699551		3.832696887e-006		-0.0001194198585
0.05016722408		0.00211212945		0.005846746542		-0.001909758092		0.002004531577		3.832661407e-006		-0.0001195423722
0.0602006689		0.002092972343		0.005866863223		-0.001908919267		0.002005421854		3.83284479e-006		-0.0001196650333
0.07023411371		0.002073823377		0.005886989121		-0.001908137052		0.002006367152		3.833248077e-006		-0.0001197878386
0.08026755853		0.002054681967		0.005907124771		-0.001907415183		0.002007363968		3.833871392e-006		-0.0001199107848
0.09030100334		0.002035547487		0.005927270672		-0.001906757193		0.002008408541		3.834713929e-006		-0.0001200338687
0.1003344482		0.002016419281		0.005947427284		-0.001906166381		0.002009496855		3.835773942e-006		-0.0001201570869
0.110367893		0.001997296657		0.005967595024		-0.001905645804		0.002010624663		3.837048733e-006		-0.0001202804359
0.1204013378		0.001978178897		0.005987774267		-0.001905198255		0.002011787492		3.838534651e-006		-0.0001204039122
0.1304347826		0.001959065254		0.006007965342		-0.001904826245		0.002012980664		3.84022709e-006		-0.0001205275125
0.1404682274		0.001939954959		0.006028168528		-0.001904531993		0.002014199314		3.842120494e-006		-0.0001206512332
0.1505016722		0.001920847221		0.006048384057		-0.001904317407		0.002015438402		3.844208369e-006		-0.0001207750706
0.1605351171		0.001901741232		0.006068612108		-0.001904184069		0.002016692741		3.846483289e-006		-0.0001208990213
0.1705685619		0.001882636169		0.006088852808		-0.001904133228		0.002017957009		3.848936919e-006		-0.0001210230816
0.1806020067		0.0018635312		0.006109106228		-0.001904165784		0.002019225778		3.851560037e-006		-0.0001211472478
0.1906354515		0.001844425485		0.006129372388		-0.001904282282		0.00202049353		3.854342556e-006		-0.0001212715162
0.2006688963		0.001825318178		0.006149651249		-0.0019044829		0.002021754684		3.85727356e-006		-0.0001213958834
0.2107023411		0.001806208436		0.006169942716		-0.001904767445		0.002023003622		3.860341337e-006		-0.0001215203454
0.220735786		0.00178709542		0.00619024664		-0.001905135347		0.002024234706		3.863533418e-006		-0.0001216448987
0.2307692308		0.001767978296		0.006210562811		-0.001905585654		0.002025442313		3.866836624e-006		-0.0001217695396
0.2408026756		0.001748856243		0.006230890967		-0.00190611703		0.002026620854		3.87023711e-006		-0.0001218942644
0.2508361204		0.001729728456		0.006251230788		-0.00190672776		0.002027764802		3.873720421e-006		-0.0001220190694
0.2608695652		0.001710594147		0.006271581899		-0.001907415742		0.00202886872		3.877271548e-006		-0.0001221439508
0.27090301		0.001691452554		0.006291943873		-0.001908178501		0.002029927285		3.880874986e-006		-0.0001222689052
0.2809364548		0.00167230294		0.006312316226		-0.001909013184		0.002030935318		3.884514801e-006		-0.0001223939287
0.2909698997		0.001653144597		0.006332698427		-0.001909916575		0.002031887807		3.888174692e-006		-0.0001225190178
0.3010033445		0.001633976855		0.006353089895		-0.001910885102		0.002032779934		3.891838066e-006		-0.0001226441687
0.3110367893		0.001614799077		0.006373489998		-0.001911914845		0.002033607103		3.895488111e-006		-0.000122769378
0.3210702341		0.001595610671		0.006393898064		-0.00191300155		0.002034364962		3.899107866e-006		-0.000122894642
0.3311036789		0.001576411086		0.006414313375		-0.001914140648		0.002035049432		3.902680306e-006		-0.0001230199572
0.3411371237		0.001557199821		0.006434735176		-0.001915327264		0.002035656726		3.906188416e-006		-0.00012314532
0.3511705686		0.001537976425		0.006455162674		-0.001916556241		0.002036183374		3.909615277e-006		-0.0001232707268
0.3612040134		0.001518740499		0.006475595043		-0.001917822158		0.002036626245		3.912944146e-006		-0.0001233961742
0.3712374582		0.0014994917		0.006496031428		-0.001919119352		0.00203698257		3.916158538e-006		-0.0001235216587
0.381270903		0.001480229743		0.006516470948		-0.001920441941		0.002037249955		3.919242313e-006		-0.0001236471769
0.3913043478		0.001460954403		0.006536912698		-0.001921783849		0.002037426405		3.92217976e-006		-0.0001237727252
0.4013377926		0.001441665518		0.006557355758		-0.001923138834		0.002037510339		3.924955677e-006		-0.0001238983003
0.4113712375		0.001422362988		0.006577799193		-0.001924500512		0.0020375006		3.927555457e-006		-0.0001240238987
0.4214046823		0.001403046779		0.006598242058		-0.00192586239		0.002037396473		3.929965167e-006		-0.0001241495171
0.4314381271		0.00138371692		0.006618683403		-0.001927217895		0.002037197694		3.93217163e-006		-0.0001242751521
0.4414715719		0.00136437351		0.006639122279		-0.001928560403		0.002036904459		3.934162501e-006		-0.0001244008003
0.4515050167		0.001345016712		0.00665955774		-0.001929883276		0.002036517426		3.935926344e-006		-0.0001245264584
0.4615384615		0.001325646755		0.00667998885		-0.001931179889		0.002036037729		3.937452699e-006		-0.0001246521229
0.4715719064		0.001306263938		0.006700414685		-0.001932443667		0.00203546697		3.938732155e-006		-0.0001247777906
0.4816053512		0.001286868622		0.006720834341		-0.001933668119		0.002034807223		3.939756415e-006		-0.000124903458
0.491638796		0.001267461233		0.006741246937		-0.001934846869		0.002034061035		3.940518349e-006		-0.0001250291218
0.5016722408		0.001248042263		0.006761651619		-0.001935973695		0.002033231411		3.94101206e-006		-0.0001251547785
0.5117056856		0.001228612263		0.006782047567		-0.00193704256		0.002032321817		3.941232922e-006		-0.0001252804248
0.5217391304		0.001209171844		0.006802433997		-0.001938047644		0.002031336161		3.941177635e-006		-0.0001254060571
0.5317725753		0.001189721675		0.006822810166		-0.001938983383		0.002030278787		3.940844255e-006		-0.0001255316719
0.5418060201		0.001170262478		0.006843175377		-0.001939844497		0.002029154453		3.940232232e-006		-0.0001256572658
0.5518394649		0.001150795029		0.006863528984		-0.001940626023		0.002027968319		3.939342432e-006		-0.0001257828351
0.5618729097		0.00113132015		0.006883870393		-0.001941323347		0.002026725925		3.938177155e-006		-0.0001259083763
0.5719063545		0.001111838708		0.00690419907		-0.001941932233		0.002025433164		3.93674015e-006		-0.0001260338855
0.5819397993		0.00109235161		0.006924514537		-0.001942448852		0.002024096263		3.935036613e-006		-0.000126159359
0.5919732441		0.001072859801		0.006944816386		-0.001942869807		0.002022721753		3.933073187e-006		-0.0001262847929
0.602006689		0.001053364256		0.006965104271		-0.001943192157		0.002021316438		3.930857951e-006		-0.0001264101834
0.6120401338		0.001033865979		0.00698537792		-0.001943413446		0.002019887365		3.928400395e-006		-0.0001265355263
0.6220735786		0.001014365993		0.007005637128		-0.001943531715		0.002018441792		3.925711399e-006		-0.0001266608175
0.6321070234		0.0009948653422		0.007025881768		-0.001943545529		0.002016987149		3.92280319e-006		-0.0001267860528
0.6421404682		0.0009753650795		0.007046111787		-0.001943453984		0.002015531003		3.919689305e-006		-0.0001269112278
0.652173913		0.0009558662656		0.007066327207		-0.00194325673		0.002014081018		3.916384534e-006		-0.0001270363379
0.6622073579		0.0009363699612		0.007086528128		-0.001942953975		0.00201264492		3.91290486e-006		-0.0001271613786
0.6722408027		0.0009168772226		0.00710671473		-0.001942546493		0.002011230448		3.909267397e-006		-0.0001272863451
0.6822742475		0.0008973890951		0.007126887268		-0.001942035634		0.00200984532		3.905490308e-006		-0.0001274112325
0.6923076923		0.0008779066079		0.007147046074		-0.001941423319		0.002008497185		3.901592724e-006		-0.0001275360357
0.7023411371		0.0008584307676		0.007167191559		-0.001940712044		0.002007193583		3.897594659e-006		-0.0001276607495
0.7123745819		0.0008389625535		0.007187324206		-0.001939904872		0.0020059419		3.893516908e-006		-0.0001277853685
0.7224080268		0.0008195029107		0.007207444574		-0.001939005426		0.002004749324		3.889380947e-006		-0.0001279098871
0.7324414716		0.0008000527456		0.00722755329		-0.001938017877		0.002003622807		3.885208823e-006		-0.0001280342996
0.7424749164		0.0007806129198		0.007247651051		-0.001936946932		0.002002569017		3.881023042e-006		-0.0001281586002
0.7525083612		0.0007611842453		0.007267738621		-0.001935797814		0.002001594296		3.87684645e-006		-0.0001282827826
0.762541806		0.0007417674788		0.007287816823		-0.001934576238		0.002000704625		3.872702108e-006		-0.0001284068407
0.7725752508		0.0007223633174		0.00730788654		-0.001933288393		0.001999905578		3.868613166e-006		-0.0001285307679
0.7826086957		0.000702972394		0.007327948708		-0.001931940909		0.00199920229		3.864602737e-006		-0.0001286545576
0.7926421405		0.0006835952724		0.007348004312		-0.001930540828		0.001998599416		3.860693759e-006		-0.0001287782029
0.8026755853		0.0006642324442		0.007368054382		-0.001929095571		0.001998101101		3.856908865e-006		-0.0001289016969
0.8127090301		0.0006448843245		0.007388099986		-0.001927612899		0.001997710943		3.85327025e-006		-0.0001290250322
0.8227424749		0.0006255512489		0.007408142227		-0.001926100877		0.001997431971		3.849799533e-006		-0.0001291482015
0.8327759197		0.0006062334708		0.007428182233		-0.001924567828		0.001997266613		3.846517624e-006		-0.000129271197
0.8428093645		0.0005869311587		0.007448221155		-0.001923022294		0.001997216675		3.843444595e-006		-0.0001293940112
0.8528428094		0.0005676443947		0.00746826016		-0.001921472984		0.001997283322		3.840599548e-006		-0.0001295166358
0.8628762542		0.0005483731724		0.007488300419		-0.00191992873		0.001997467057		3.838000487e-006		-0.0001296390629
0.872909699		0.0005291173967		0.007508343111		-0.001918398436		0.001997767715		3.8356642e-006		-0.0001297612839
0.8829431438		0.0005098768827		0.007528389404		-0.001916891024		0.001998184445		3.833606137e-006		-0.0001298832906
0.8929765886		0.0004906513561		0.007548440457		-0.001915415386		0.001998715714		3.831840303e-006		-0.000130005074
0.9030100334		0.0004714404536		0.007568497411		-0.001913980328		0.001999359297		3.830379147e-006		-0.0001301266256
0.9130434783		0.0004522437241		0.00758856138		-0.001912594516		0.002000112287		3.829233471e-006		-0.0001302479362
0.9230769231		0.0004330606305		0.007608633444		-0.001911266425		0.002000971096		3.828412337e-006		-0.0001303689967
0.9331103679		0.0004138905517		0.007628714646		-0.001910004283		0.002001931471		3.827922987e-006		-0.000130489798
0.9431438127		0.0003947327854		0.007648805982		-0.001908816015		0.002002988507		3.82777077e-006		-0.0001306103307
0.9531772575		0.0003755865514		0.007668908395		-0.001907709198		0.002004136669		3.827959087e-006		-0.0001307305852
0.9632107023		0.0003564509955		0.007689022771		-0.001906691004		0.002005369813		3.828489336e-006		-0.000130850552
0.9732441472		0.0003373251935		0.00770914993		-0.00190576815		0.002006681217		3.829360874e-006		-0.0001309702215
0.983277592		0.0003182081563		0.007729290622		-0.001904946854		0.002008063613		3.830570995e-006		-0.0001310895839
0.9933110368		0.0002990988352		0.007749445521		-0.001904232789		0.002009509222		3.832114913e-006		-0.0001312086295
1.003344482		0.0002799961271		0.007769615221		-0.001903631035		0.002011009796		3.833985758e-006		-0.0001313273482
1.013377926		0.0002608988813		0.007789800232		-0.001903146045		0.002012556663		3.836174596e-006		-0.0001314457304
1.023411371		0.0002418059055		0.007810000974		-0.001902781606		0.002014140772		3.838670446e-006		-0.000131563766
1.033444816		0.0002227159728		0.007830217773		-0.001902540805		0.002015752745		3.841460323e-006		-0.0001316814451
1.043478261		0.0002036278291		0.007850450862		-0.001902425999		0.002017382932		3.844529288e-006		-0.0001317987577
1.053511706		0.0001845402003		0.007870700374		-0.001902438793		0.002019021464		3.847860517e-006		-0.000131915694
1.063545151		0.0001654517998		0.007890966342		-0.001902580016		0.002020658317		3.851435375e-006		-0.0001320322439
1.073578595		0.0001463613371		0.007911248701		-0.001902849704		0.002022283369		3.85523351e-006		-0.0001321483978
1.08361204		0.0001272675248		0.00793154728		-0.001903247093		0.002023886465		3.859232959e-006		-0.0001322641456
1.093645485		0.0001081690877		0.007951861807		-0.001903770606		0.00202545748		3.863410262e-006		-0.0001323794776
1.10367893		8.906477018e-005		0.007972191911		-0.00190441786		0.002026986384		3.867740593e-006		-0.0001324943842
1.113712375		6.99533447e-005		0.007992537119		-0.00190518566		0.002028463309		3.872197897e-006		-0.0001326088556
1.123745819		5.083361981e-005		0.008012896861		-0.001906070016		0.002029878612		3.876755043e-006		-0.0001327228823
1.133779264		3.170444805e-005		0.008033270469		-0.001907066156		0.002031222943		3.881383982e-006		-0.000132836455
1.143812709		1.256473375e-005		0.008053657187		-0.001908168541		0.002032487308		3.886055919e-006		-0.0001329495641
1.153846154		-6.586559451e-006		0.008074056168		-0.001909370897		0.002033663134		3.890741483e-006		-0.0001330622006
1.163879599		-2.575040132e-005		0.008094466481		-0.001910666245		0.002034742327		3.895410918e-006		-0.0001331743552
1.173913043		-4.49276881e-005		0.008114887118		-0.00191204693		0.002035717336		3.900034268e-006		-0.000133286019
1.183946488		-6.411923603e-005		0.008135316996		-0.001913504672		0.002036581207		3.904581572e-006		-0.000133397183
1.193979933		-8.332577517e-005		0.008155754968		-0.001915030605		0.002037327638		3.90902306e-006		-0.0001335078385
1.204013378		-0.0001025479438		0.008176199825		-0.001916615329		0.002037951027		3.913329353e-006		-0.0001336179769
1.214046823		-0.0001217862834		0.008196650306		-0.001918248968		0.002038446523		3.917471665e-006		-0.0001337275897
1.224080268		-0.0001410412341		0.008217105106		-0.001919921226		0.002038810064		3.921421997e-006		-0.0001338366686
1.234113712		-0.0001603131308		0.008237562883		-0.001921621453		0.002039038418		3.925153339e-006		-0.0001339452052
1.244147157		-0.0001796021998		0.008258022265		-0.001923338707		0.00203912921		3.928639859e-006		-0.0001340531915
1.254180602		-0.0001989085564		0.008278481864		-0.00192506183		0.002039080956		3.931857099e-006		-0.0001341606194
1.264214047		-0.000218232203		0.008298940278		-0.001926779515		0.002038893081		3.934782148e-006		-0.0001342674811
1.274247492		-0.0002375730282		0.008319396106		-0.001928480382		0.002038565933		3.937393824e-006		-0.0001343737689
1.284280936		-0.000256930806		0.008339847955		-0.001930153057		0.002038100796		3.939672839e-006		-0.0001344794749
1.294314381		-0.0002763051966		0.00836029445		-0.001931786244		0.002037499891		3.941601948e-006		-0.0001345845918
1.304347826		-0.0002956957474		0.008380734241		-0.001933368807		0.002036766373		3.9431661e-006		-0.0001346891118
1.314381271		-0.0003151018951		0.008401166016		-0.001934889848		0.002035904321		3.944352564e-006		-0.0001347930277
1.324414716		-0.0003345229684		0.008421588508		-0.001936338782		0.002034918725		3.945151047e-006		-0.0001348963321
1.334448161		-0.0003539581917		0.008442000505		-0.001937705417		0.002033815455		3.945553795e-006		-0.0001349990176
1.344481605		-0.0003734066891		0.008462400858		-0.001938980028		0.002032601241		3.945555677e-006		-0.000135101077
1.35451505		-0.0003928674899		0.00848278849		-0.001940153427		0.00203128363		3.945154251e-006		-0.000135202503
1.364548495		-0.0004123395338		0.008503162403		-0.001941217038		0.002029870944		3.94434982e-006		-0.0001353032883
1.37458194		-0.000431821678		0.008523521686		-0.001942162962		0.002028372238		3.943145453e-006		-0.0001354034257
1.384615385		-0.0004513127036		0.008543865525		-0.00194298404		0.002026797236		3.941547008e-006		-0.0001355029078
1.394648829		-0.0004708113242		0.008564193203		-0.001943673912		0.002025156278		3.939563114e-006		-0.0001356017275
1.404682274		-0.0004903161935		0.008584504112		-0.001944227072		0.002023460252		3.93720515e-006		-0.0001356998772
1.414715719		-0.0005098259143		0.008604797756		-0.001944638914		0.002021720525		3.934487194e-006		-0.0001357973496
1.424749164		-0.000529339048		0.008625073755		-0.00194490578		0.002019948865		3.931425955e-006		-0.0001358941372
1.434782609		-0.0005488541239		0.008645331847		-0.001945024992		0.002018157367		3.928040688e-006		-0.0001359902322
1.444816054		-0.0005683696498		0.008665571896		-0.001944994884		0.002016358367		3.924353081e-006		-0.000136085627
1.454849498		-0.0005878841216		0.008685793888		-0.001944814828		0.002014564358		3.920387134e-006		-0.0001361803136
1.464882943		-0.0006073960343		0.008705997936		-0.001944485244		0.002012787905		3.916169008e-006		-0.0001362742842
1.474916388		-0.0006269038924		0.008726184281		-0.001944007616		0.002011041553		3.911726869e-006		-0.0001363675305
1.484949833		-0.0006464062206		0.008746353285		-0.001943384487		0.002009337735		3.907090701e-006		-0.0001364600443
1.494983278		-0.0006659015744		0.008766505439		-0.001942619457		0.002007688688		3.902292112e-006		-0.0001365518169
1.505016722		-0.0006853885508		0.008786641353		-0.001941717165		0.002006106355		3.897364127e-006		-0.0001366428399
1.515050167		-0.0007048657985		0.008806761754		-0.001940683268		0.002004602298		3.892340961e-006		-0.0001367331042
1.525083612		-0.0007243320278		0.008826867486		-0.001939524412		0.002003187615		3.887257784e-006		-0.0001368226009
1.535117057		-0.0007437860208		0.008846959499		-0.001938248194		0.002001872845		3.882150474e-006		-0.0001369113206
1.545150502		-0.0007632266404		0.008867038847		-0.001936863112		0.002000667894		3.877055368e-006		-0.000136999254
1.555183946		-0.0007826528391		0.008887106681		-0.00193537852		0.001999581948		3.872008993e-006		-0.0001370863914
1.565217391		-0.0008020636675		0.008907164237		-0.001933804563		0.001998623407		3.867047806e-006		-0.0001371727228
1.575250836		-0.0008214582818		0.008927212836		-0.001932152111		0.001997799808		3.862207926e-006		-0.0001372582382
1.585284281		-0.0008408359507		0.008947253866		-0.001930432687		0.001997117762		3.857524857e-006		-0.0001373429274
1.595317726		-0.0008601960615		0.008967288778		-0.00192865839		0.001996582899		3.853033229e-006		-0.0001374267799
1.605351171		-0.0008795381257		0.008987319074		-0.001926841807		0.001996199815		3.848766527e-006		-0.0001375097849
1.615384615		-0.0008988617834		0.009007346299		-0.00192499593		0.001995972026		3.84475683e-006		-0.0001375919317
1.62541806		-0.0009181668066		0.009027372025		-0.001923134057		0.001995901934		3.841034565e-006		-0.0001376732092
1.635451505		-0.0009374531023		0.009047397843		-0.0019212697		0.001995990795		3.837628257e-006		-0.0001377536063
1.64548495		-0.0009567207136		0.009067425352		-0.001919416487		0.001996238703		3.834564304e-006		-0.0001378331117
1.655518395		-0.0009759698211		0.009087456145		-0.001917588054		0.001996644574		3.831866752e-006		-0.0001379117139
1.665551839		-0.0009952007415		0.009107491798		-0.001915797953		0.001997206148		3.829557099e-006		-0.0001379894014
1.675585284		-0.001014413927		0.00912753386		-0.00191405954		0.001997919991		3.827654106e-006		-0.0001380661625
1.685618729		-0.001033609963		0.009147583838		-0.001912385877		0.00199878151		3.826173633e-006		-0.0001381419856
1.695652174		-0.001052789563		0.009167643188		-0.001910789628		0.001999784982		3.825128489e-006		-0.0001382168589
1.705685619		-0.001071953568		0.009187713303		-0.001909282964		0.002000923585		3.824528314e-006		-0.0001382907705
1.715719064		-0.001091102934		0.009207795501		-0.001907877461		0.002002189436		3.824379472e-006		-0.0001383637088
1.725752508		-0.001110238734		0.009227891017		-0.001906584011		0.002003573649		3.824684978e-006		-0.000138435662
1.735785953		-0.001129362145		0.009248000992		-0.001905412728		0.002005066389		3.825444444e-006		-0.0001385066182
1.745819398		-0.001148474441		0.009268126463		-0.001904372869		0.002006656944		3.826654058e-006		-0.000138576566
1.755852843		-0.001167576985		0.009288268355		-0.001903472756		0.002008333793		3.828306578e-006		-0.0001386454936
1.765886288		-0.001186671219		0.009308427475		-0.001902719698		0.002010084696		3.830391367e-006		-0.0001387133897
1.775919732		-0.001205758651		0.009328604503		-0.001902119937		0.002011896775		3.832894443e-006		-0.000138780243
1.785953177		-0.00122484085		0.009348799986		-0.001901678581		0.002013756613		3.83579856e-006		-0.0001388460424
1.795986622		-0.001243919425		0.009369014335		-0.001901399563		0.002015650352		3.83908332e-006		-0.0001389107768
1.806020067		-0.001262996025		0.009389247819		-0.001901285599		0.002017563797		3.842725303e-006		-0.0001389744358
1.816053512		-0.001282072314		0.009409500565		-0.001901338157		0.002019482524		3.846698226e-006		-0.0001390370087
1.826086957		-0.001301149968		0.009429772552		-0.001901557438		0.002021391988		3.85097313e-006		-0.0001390984853
1.836120401		-0.001320230657		0.009450063615		-0.001901942365		0.002023277638		3.85551858e-006		-0.0001391588559
1.846153846		-0.001339316035		0.009470373441		-0.001902490582		0.002025125029		3.860300899e-006		-0.0001392181107
1.856187291		-0.001358407726		0.009490701575		-0.001903198461		0.002026919938		3.865284408e-006		-0.0001392762406
1.866220736		-0.001377507309		0.00951104742		-0.001904061127		0.002028648471		3.870431697e-006		-0.0001393332365
1.876254181		-0.00139661631		0.00953141024		-0.001905072483		0.002030297182		3.875703907e-006		-0.0001393890899
1.886287625		-0.001415736188		0.009551789169		-0.001906225253		0.002031853174		3.881061018e-006		-0.0001394437926
1.89632107		-0.001434868322		0.009572183214		-0.00190751103		0.002033304208		3.886462165e-006		-0.0001394973369
1.906354515		-0.001454014001		0.00959259126		-0.001908920334		0.002034638803		3.89186595e-006		-0.0001395497151
1.91638796		-0.001473174415		0.009613012086		-0.001910442683		0.002035846331		3.897230764e-006		-0.0001396009204
1.926421405		-0.001492350644		0.009633444364		-0.001912066667		0.002036917105		3.902515116e-006		-0.000139650946
1.936454849		-0.001511543646		0.009653886677		-0.001913780035		0.002037842463		3.907677963e-006		-0.0001396997859
1.946488294		-0.001530754256		0.009674337524		-0.001915569785		0.002038614841		3.912679034e-006		-0.000139747434
1.956521739		-0.001549983174		0.009694795336		-0.001917422264		0.002039227838		3.917479157e-006		-0.0001397938851
1.966555184		-0.001569230957		0.009715258484		-0.001919323273		0.002039676278		3.922040574e-006		-0.000139839134
1.976588629		-0.001588498022		0.009735725294		-0.001921258178		0.002039956252		3.926327247e-006		-0.0001398831762
1.986622074		-0.001607784633		0.009756194061		-0.00192321202		0.002040065158		3.93030516e-006		-0.0001399260074
1.996655518		-0.001627090905		0.009776663057		-0.001925169637		0.002040001729		3.933942592e-006		-0.0001399676236
2.006688963		-0.0016464168		0.00979713055		-0.001927115783		0.002039766049		3.937210388e-006		-0.0001400080215
2.016722408		-0.001665762125		0.009817594817		-0.001929035248		0.002039359558		3.940082198e-006		-0.0001400471978
2.026755853		-0.001685126537		0.009838054153		-0.00193091298		0.002038785049		3.942534707e-006		-0.0001400851495
2.036789298		-0.001704509543		0.009858506891		-0.001932734207		0.002038046649		3.944547829e-006		-0.0001401218743
2.046822742		-0.001723910501		0.009878951411		-0.001934484555		0.002037149794		3.946104887e-006		-0.0001401573697
2.056856187		-0.001743328631		0.009899386152		-0.001936150167		0.002036101187		3.947192757e-006		-0.0001401916339
2.066889632		-0.001762763013		0.009919809628		-0.001937717817		0.002034908756		3.947801991e-006		-0.0001402246649
2.076923077		-0.0017822126		0.009940220441		-0.001939175013		0.002033581588		3.947926902e-006		-0.0001402564614
2.086956522		-0.001801676224		0.009960617286		-0.001940510106		0.002032129866		3.947565633e-006		-0.0001402870219
2.096989967		-0.001821152602		0.009980998967		-0.001941712387		0.002030564787		3.946720173e-006		-0.0001403163453
2.107023411		-0.001840640352		0.01000136441		-0.00194277217		0.002028898478		3.945396369e-006		-0.0001403444306
2.117056856		-0.001860137997		0.01002171265		-0.001943680881		0.002027143899		3.943603878e-006		-0.0001403712768
2.127090301		-0.001879643982		0.01004204288		-0.001944431127		0.002025314744		3.94135611e-006		-0.0001403968831
2.137123746		-0.001899156682		0.01006235442		-0.001945016758		0.002023425331		3.93867013e-006		-0.0001404212488
2.147157191		-0.001918674418		0.01008264673		-0.001945432924		0.002021490487		3.935566527e-006		-0.0001404443733
2.157190635		-0.00193819547		0.01010291944		-0.001945676115		0.002019525434		3.932069262e-006		-0.0001404662559
2.16722408		-0.001957718086		0.01012317232		-0.001945744192		0.002017545662		3.92820548e-006		-0.0001404868959
2.177257525		-0.001977240504		0.01014340531		-0.001945636412		0.002015566806		3.924005299e-006		-0.0001405062927
2.18729097		-0.001996760957		0.01016361848		-0.001945353432		0.002013604524		3.919501577e-006		-0.0001405244455
2.197324415		-0.002016277696		0.01018381209		-0.001944897312		0.002011674362		3.914729646e-006		-0.0001405413537
2.20735786		-0.002035788997		0.01020398653		-0.001944271495		0.002009791636		3.909727034e-006		-0.0001405570165
2.217391304		-0.002055293178		0.01022414236		-0.001943480789		0.002007971304		3.904533167e-006		-0.0001405714329
2.227424749		-0.002074788612		0.01024428027		-0.001942531324		0.002006227842		3.899189049e-006		-0.0001405846021
2.237458194		-0.00209427374		0.01026440111		-0.001941430509		0.00200457513		3.893736935e-006		-0.0001405965228
2.247491639		-0.002113747083		0.01028450586		-0.00194018697		0.002003026336		3.88821999e-006		-0.000140607194
2.257525084		-0.002133207257		0.01030459562		-0.001938810486		0.00200159381		3.88268194e-006		-0.0001406166144
2.267558528		-0.002152652979		0.01032467162		-0.001937311907		0.00200028898		3.877166715e-006		-0.0001406247825
2.277591973		-0.002172083082		0.01034473519		-0.00193570307		0.001999122262		3.871718097e-006		-0.0001406316969
2.287625418		-0.002191496519		0.01036478778		-0.001933996703		0.00199810297		3.866379362e-006		-0.0001406373559
2.297658863		-0.00221089238		0.01038483091		-0.00193220632		0.001997239244		3.86119293e-006		-0.0001406417578
2.307692308		-0.00223026989		0.01040486616		-0.001930346116		0.001996537981		3.856200018e-006		-0.0001406449007
2.317725753		-0.002249628422		0.01042489521		-0.00192843085		0.001996004777		3.851440306e-006		-0.0001406467829
2.327759197		-0.002268967499		0.01044491977		-0.001926475724		0.001995643884		3.846951614e-006		-0.0001406474022
2.337792642		-0.002288286798		0.01046494158		-0.001924496262		0.001995458175		3.842769594e-006		-0.0001406467566
2.347826087		-0.002307586153		0.01048496241		-0.001922508182		0.001995449116		3.838927441e-006		-0.000140644844
2.357859532		-0.002326865558		0.01050498404		-0.00192052727		0.00199561676		3.835455624e-006		-0.0001406416624
2.367892977		-0.002346125162		0.01052500823		-0.001918569252		0.001995959744		3.832381637e-006		-0.0001406372095
2.377926421		-0.002365365275		0.01054503674		-0.001916649664		0.0019964753		3.829729779e-006		-0.0001406314832
2.387959866		-0.002384586359		0.01056507128		-0.001914783728		0.00199715928		3.827520959e-006		-0.0001406244814
2.397993311		-0.002403789029		0.01058511352		-0.001912986229		0.00199800619		3.825772525e-006		-0.0001406162022
2.408026756		-0.002422974043		0.01060516505		-0.001911271393		0.001999009234		3.824498128e-006		-0.0001406066435
2.418060201		-0.002442142301		0.01062522741		-0.001909652775		0.002000160372		3.823707617e-006		-0.0001405958035
2.428093645		-0.002461294834		0.01064530205		-0.001908143147		0.002001450386		3.823406959e-006		-0.0001405836806
2.43812709		-0.002480432799		0.0106653903		-0.001906754398		0.002002868957		3.823598197e-006		-0.0001405702731
2.448160535		-0.002499557464		0.0106854934		-0.001905497436		0.002004404749		3.824279439e-006		-0.0001405555797
2.45819398		-0.002518670206		0.01070561247		-0.001904382105		0.002006045503		3.825444881e-006		-0.0001405395992
2.468227425		-0.00253777249		0.01072574849		-0.001903417103		0.002007778136		3.827084855e-006		-0.0001405223309
2.47826087		-0.002556865867		0.01074590233		-0.001902609916		0.002009588852		3.829185923e-006		-0.0001405037739
2.488294314		-0.002575951953		0.01076607469		-0.001901966759		0.002011463252		3.831730982e-006		-0.000140483928
2.498327759		-0.002595032424		0.01078626614		-0.001901492528		0.002013386453		3.834699421e-006		-0.000140462793
2.508361204		-0.002614108994		0.01080647709		-0.001901190766		0.002015343208		3.838067287e-006		-0.0001404403694
2.518394649		-0.002633183409		0.01082670781		-0.001901063633		0.002017318033		3.841807491e-006		-0.0001404166578
2.528428094		-0.002652257428		0.01084695839		-0.001901111896		0.002019295329		3.845890032e-006		-0.0001403916591
2.538461538		-0.002671332811		0.01086722879		-0.001901334924		0.00202125951		3.85028225e-006		-0.0001403653748
2.548494983		-0.002690411306		0.01088751878		-0.001901730701		0.002023195129		3.854949094e-006		-0.0001403378067
2.558528428		-0.002709494631		0.01090782802		-0.001902295841		0.002025087		3.859853413e-006		-0.000140308957
2.568561873		-0.002728584467		0.01092815598		-0.001903025622		0.002026920323		3.864956259e-006		-0.0001402788284
2.578595318		-0.002747682437		0.01094850201		-0.001903914031		0.002028680798		3.870217209e-006		-0.000140247424
2.588628763		-0.002766790099		0.01096886529		-0.00190495381		0.00203035474		3.875594694e-006		-0.0001402147474
2.598662207		-0.002785908934		0.01098924491		-0.001906136527		0.002031929185		3.881046336e-006		-0.0001401808025
2.608695652		-0.002805040331		0.01100963979		-0.001907452642		0.002033391995		3.886529293e-006		-0.0001401455938
2.618729097		-0.002824185576		0.01103004876		-0.001908891589		0.002034731947		3.892000598e-006		-0.0001401091262
2.628762542		-0.002843345848		0.01105047053		-0.001910441867		0.002035938824		3.897417511e-006		-0.000140071405
2.638795987		-0.002862522202		0.01107090372		-0.001912091132		0.00203700349		3.902737856e-006		-0.000140032436
2.648829431		-0.002881715569		0.01109134686		-0.001913826302		0.002037917956		3.907920354e-006		-0.0001399922255
2.658862876		-0.002900926743		0.0111117984		-0.001915633664		0.002038675444		3.91292495e-006		-0.0001399507801
2.668896321		-0.002920156379		0.01113225673		-0.001917498987		0.002039270431		3.917713127e-006		-0.0001399081068
2.678929766		-0.002939404984		0.01115272021		-0.001919407633		0.002039698689		3.922248202e-006		-0.000139864213
2.688963211		-0.00295867292		0.01117318714		-0.001921344683		0.002039957312		3.926495614e-006		-0.0001398191066
2.698996656		-0.002977960396		0.01119365581		-0.001923295051		0.002040044732		3.93042318e-006		-0.0001397727958
2.7090301		-0.002997267469		0.01121412449		-0.001925243604		0.002039960724		3.934001346e-006		-0.000139725289
2.719063545		-0.003016594047		0.01123459148		-0.001927175287		0.002039706403		3.937203399e-006		-0.0001396765951
2.72909699		-0.003035939883		0.01125505506		-0.001929075237		0.002039284205		3.940005669e-006		-0.0001396267233
2.739130435		-0.003055304586		0.01127551357		-0.001930928901		0.002038697861		3.942387695e-006		-0.0001395756828
2.74916388		-0.00307468762		0.01129596538		-0.001932722147		0.002037952364		3.944332367e-006		-0.0001395234834
2.759197324		-0.003094088308		0.01131640893		-0.001934441377		0.002037053915		3.945826047e-006		-0.0001394701349
2.769230769		-0.003113505842		0.01133684272		-0.001936073625		0.002036009875		3.946858647e-006		-0.0001394156473
2.779264214		-0.003132939284		0.01135726532		-0.00193760666		0.002034828695		3.947423693e-006		-0.0001393600309
2.789297659		-0.003152387581		0.0113776754		-0.001939029071		0.002033519844		3.947518348e-006		-0.0001393032959
2.799331104		-0.003171849567		0.01139807174		-0.001940330359		0.00203209373		3.947143415e-006		-0.0001392454529
2.809364548		-0.003191323976		0.0114184532		-0.001941501004		0.002030561613		3.946303306e-006		-0.0001391865123
2.819397993		-0.003210809453		0.01143881879		-0.00194253254		0.002028935507		3.945005982e-006		-0.0001391264848
2.829431438		-0.003230304562		0.01145916763		-0.00194341761		0.00202722809		3.943262867e-006		-0.0001390653809
2.839464883		-0.0032498078		0.01147949895		-0.001944150015		0.002025452591		3.941088739e-006		-0.0001390032113
2.849498328		-0.003269317606		0.01149981216		-0.001944724756		0.002023622692		3.938501588e-006		-0.0001389399866
2.859531773		-0.003288832377		0.01152010677		-0.001945138063		0.002021752415		3.935522456e-006		-0.0001388757174
2.869565217		-0.003308350477		0.01154038244		-0.001945387414		0.002019856014		3.932175254e-006		-0.000138810414
2.879598662		-0.003327870251		0.011560639		-0.001945471548		0.002017947859		3.928486552e-006		-0.0001387440871
2.889632107		-0.003347390039		0.01158087638		-0.001945390462		0.002016042329		3.92448536e-006		-0.0001386767468
2.899665552		-0.003366908187		0.01160109469		-0.001945145403		0.0020141537		3.920202883e-006		-0.0001386084033
2.909698997		-0.003386423058		0.01162129418		-0.001944738849		0.002012296039		3.91567227e-006		-0.0001385390668
2.919732441		-0.003405933047		0.01164147522		-0.001944174482		0.002010483092		3.910928339e-006		-0.0001384687471
2.929765886		-0.003425436592		0.01166163832		-0.001943457144		0.00200872819		3.906007305e-006		-0.000138397454
2.939799331		-0.003444932187		0.01168178414		-0.001942592799		0.002007044144		3.90094649e-006		-0.000138325197
2.949832776		-0.003464418388		0.01170191346		-0.001941588474		0.002005443156		3.895784028e-006		-0.0001382519856
2.959866221		-0.003483893828		0.01172202715		-0.001940452196		0.002003936732		3.890558577e-006		-0.000138177829
2.969899666		-0.003503357228		0.01174212623		-0.001939192927		0.002002535598		3.885309015e-006		-0.0001381027363
2.97993311		-0.003522807399		0.01176221181		-0.001937820483		0.002001249629		3.880074151e-006		-0.0001380267163
2.989966555		-0.003542243257		0.01178228509		-0.001936345459		0.002000087778		3.874892428e-006		-0.0001379497777
