time		x		y		vx		vy		KineticEnergy		PotentialEnergy		AngularMomentum
0		0		0		0		0		0		-0.0001184352528		0
0.0202020202		2.392890741e-07		3.171395089e-08		2.368962405e-05		3.139681896e-06		2.855279449e-10		-0.00118362138		0
0.0404040404		9.571565271e-07		1.268558342e-07		4.702899959e-05		7.806832261e-06		1.136336716e-09		-0.001181447797		1.506457481e-12
0.06060606061		2.139450674e-06		3.47141517e-07		6.944985236e-05		1.54467266e-05		2.530941678e-09		-0.001177890149		8.938582526e-12
0.08080808081		3.763211168e-06		7.509659998e-07		9.053799081e-05		2.585997592e-05		4.432933068e-09		-0.001173041858		2.93255974e-11
0.101010101		5.797551313e-06		1.391989029e-06		0.0001099290563		3.878370388e-05		6.794286552e-09		-0.001167026057		7.1830473e-11
0.1212121212		8.2047892e-06		2.317984338e-06		0.0001273187155		5.390562124e-05		9.55793566e-09		-0.001159988969		1.471614705e-10
0.1414141414		1.094174184e-05		3.569993928e-06		0.0001424685304		7.087943068e-05		1.266058793e-08		-0.001152092656		2.669326437e-10
0.1616161616		1.396109346e-05		5.181799719e-06		0.0001552075996		8.934019415e-05		1.603553463e-08		-0.001143507805		4.430321042e-10
0.1818181818		1.721275596e-05		7.179698742e-06		0.0001654304837		0.0001089185116		1.961524355e-08		-0.001134407078		6.870467247e-10
0.202020202		2.064515341e-05		9.582547663e-06		0.0001730922021		0.0001292526833		2.333358328e-08		-0.001124959415		1.009777197e-09
0.2222222222		2.420638029e-05		1.240202938e-05		0.0001782012082		0.0001499983854		2.712759312e-08		-0.001115325518		1.42086134e-09
0.2424242424		2.784520222e-05		1.564308849e-05		0.0001808112342		0.0001708357191		3.093877268e-08		-0.001105654562		1.928509009e-09
0.2626262626		3.15118847e-05		1.930448268e-05		0.0001810127856		0.0001914737537		3.471391347e-08		-0.001096082094		2.539340667e-09
0.2828282828		3.515885013e-05		2.337940177e-05		0.0001789248985		0.0002116528642		3.840552711e-08		-0.001086728955		3.258314242e-09
0.303030303		3.874117353e-05		2.785611355e-05		0.0001746875913		0.0002311452583		4.197194248e-08		-0.001077701058		4.088721182e-09
0.3232323232		4.221693462e-05		3.271860412e-05		0.000168455274		0.0002497541187		4.537714956e-08		-0.0010690898		5.032231879e-09
0.3434343434		4.554744723e-05		3.794718906e-05		0.0001603912346		0.0002673117647		4.859046385e-08		-0.001060972944		6.088971997e-09
0.3636363636		4.869738854e-05		4.351907947e-05		0.0001506632176		0.0002836771901		5.158607667e-08		-0.001053415775		7.25761381e-09
0.3838383838		5.163484996e-05		4.940889371e-05		0.0001394400345		0.0002987332697		5.434254484e-08		-0.001046472417		8.535469716e-09
0.404040404		5.433132933e-05		5.558911057e-05		0.000126889103		0.0003123838638		5.684226142e-08		-0.001040187188		9.918578204e-09
0.4242424242		5.67616824e-05		6.203046396e-05		0.000113174791		0.0003245509875		5.90709384e-08		-0.001034595931		1.140177528e-08
0.4444444444		5.890404816e-05		6.870228178e-05		9.845743483e-05		0.0003351721627		6.101712257e-08		-0.001029727245		1.297874679e-08
0.4646464646		6.073976058e-05		7.557277357e-05		8.289291016e-05		0.0003441980282		6.267175858e-08		-0.001025603608		1.464205869e-08
0.4848484848		6.225325665e-05		8.260927282e-05		6.663264087e-05		0.0003515902528		6.402780733e-08		-0.001022242341		1.638316423e-08
0.5050505051		6.343198849e-05		8.977844035e-05		4.982395064e-05		0.0003573197759		6.507992417e-08		-0.001019656435		1.819238734e-08
0.5252525253		6.426634557e-05		9.704643548e-05		3.261067301e-05		0.000361365384		6.582419838e-08		-0.001017855205		2.005888307e-08
0.5454545455		6.474959144e-05		0.0001043790619		1.513395049e-05		0.0003637126227		6.625795419e-08		-0.001016844798		2.197057617e-08
0.5656565657		6.487781831e-05		0.000111741895		-2.466835823e-06		0.0003643530432		6.637961267e-08		-0.001016628538		2.391407945e-08
0.5858585859		6.464992131e-05		0.000119100397		-2.005305623e-05		0.0003632837766		6.618861369e-08		-0.001017207121		2.587459453e-08
0.6060606061		6.406759382e-05		0.0001264200274		-3.748578656e-05		0.0003605074355		6.568539764e-08		-0.001018578653		2.783579811e-08
0.6262626263		6.313534407e-05		0.000133666354		-5.462476874e-05		0.0003560323411		6.487144662e-08		-0.001020738545		2.977971803e-08
0.6464646465		6.186053246e-05		0.0001408051725		-7.132742046e-05		0.0003498730779		6.374938578e-08		-0.001023679243		3.168660463e-08
0.6666666667		6.02534281e-05		0.00014780264		-8.744794067e-05		0.0003420513828		6.232314541e-08		-0.001027389814		3.353480489e-08
0.6868686869		5.832728233e-05		0.0001546254304		-0.0001028365645		0.0003325973707		6.0598185e-08		-0.00103185537		3.530064879e-08
0.7070707071		5.609841539e-05		0.0001612409176		-0.0001173390307		0.000321551102		5.858177965e-08		-0.001037056333		3.695836027e-08
0.7272727273		5.358631139e-05		0.0001676173941		-0.0001307963375		0.0003089644887		5.628336859e-08		-0.001042967548		3.848000854e-08
0.7474747475		5.081371489e-05		0.0001737243313		-0.0001430448762		0.000294903527		5.371496343e-08		-0.001049557241		3.98355192e-08
0.7676767677		4.780672043e-05		0.0001795326881		-0.0001539170486		0.0002794508246		5.089161061e-08		-0.001056785846		4.099276893e-08
0.7878787879		4.459484424e-05		0.0001850152737		-0.0001632424856		0.0002627083685		4.783189801e-08		-0.001064604722		4.191779193e-08
0.8080808081		4.121106445e-05		0.0001901471676		-0.0001708499975		0.0002448004419		4.455848901e-08		-0.001072954803		4.257512991e-08
0.8282828283		3.769181403e-05		0.0001949062006		-0.0001765703863		0.0002258765534		4.109865935e-08		-0.001081765253		4.292836017e-08
0.8484848485		3.407690743e-05		0.000199273493		-0.0001802402417		0.0002061141869		3.748480139e-08		-0.001090952204		4.294083662e-08
0.8686868687		3.040938002e-05		0.0002032340465		-0.000181706813		0.0001857211158		3.375484938e-08		-0.001100417706		4.257667489e-08
0.8888888889		2.673521801e-05		0.0002067773765		-0.000180833991		0.00016493696		2.995256655e-08		-0.001110049044		4.180200383e-08
0.9090909091		2.310295614e-05		0.0002098981661		-0.0001775093515		0.0001440336033		2.612762437e-08		-0.001119718586		4.058648937e-08
0.9292929293		1.9563123e-05		0.000212596916		-0.000171652086		0.0001233140483		2.233539658e-08		-0.001129284376		3.890511202e-08
0.9494949495		1.616751832e-05		0.0002148805519		-0.0001632214922		0.000103109285		1.863639007e-08		-0.001138591657		3.674014558e-08
0.9696969697		1.296831524e-05		0.0002167629477		-0.0001522255144		8.377280007e-05		1.509524464e-08		-0.0011474755		3.408324331e-08
0.9898989899		1.001699249e-05		0.0002182653115		-0.0001387286493		6.567248634e-05		1.177925679e-08		-0.001155764656		3.093749265e-08
1.01010101		7.363117288e-06		0.0002194163815		-0.0001228583733		4.917992201e-05		8.756422306e-09		-0.001163286626		2.731925724e-08
1.03030303		5.053017809e-06		0.0002202523791		-0.000104809177		3.465728776e-05		6.093045594e-09		-0.001169873829		2.325959449e-08
1.050505051		3.128403064e-06		0.000220816676		-8.48433213e-05		2.244253653e-05		3.851028308e-09		-0.001175370566		1.880502949e-08
1.070707071		1.625004828e-06		0.0002211591482		-6.328761515e-05		1.283378637e-05		2.085014152e-09		-0.001179640328		1.401749002e-08
1.090909091		5.713277043e-07		0.0002213352128		-4.052585457e-05		6.074197106e-06		8.396203796e-10		-0.001182572836		8.973269003e-09
1.111111111		-1.240343798e-08		0.0002214045703		-1.698702548e-05		2.338743721e-06		1.470143784e-10		-0.001184090153		3.760976069e-09
1.131313131		-1.150167595e-07		0.0002214297075		6.870096023e-06		1.724253591e-06		2.50856349e-11		-0.001184151239		-1.521441671e-09
1.151515152		2.651761993e-07		0.0002214742372		3.057481813e-05		4.243807577e-06		4.764147032e-10		-0.001182754413		-6.770409165e-09
1.171717172		1.120329427e-06		0.0002216011745		5.366339441e-05		9.826143133e-06		1.488156494e-09		-0.001179937459		-1.188086271e-08
1.191919192		2.433394155e-06		0.000221871253		7.569723735e-05		1.83201179e-05		3.032849231e-09		-0.001175775348		-1.675046083e-08
1.212121212		4.178803664e-06		0.0002223413813		9.627895193e-05		2.950370257e-05		5.070052525e-09		-0.001170375849		-2.128350498e-08
1.232323232		6.323452819e-06		0.0002230633218		0.0001150649825		4.309648307e-05		7.548628528e-09		-0.001163873522		-2.539425865e-08
1.252525253		8.827893867e-06		0.0002240826533		0.0001317741417		5.877434741e-05		1.040942417e-08		-0.001156422726		-2.900944561e-08
1.272727273		1.164766057e-05		0.0002254380429		0.0001461918165		7.618494673e-05		1.358809666e-08		-0.001148190315		-3.20698206e-08
1.292929293		1.473463393e-05		0.000227160833		0.0001581701266		9.496263889e-05		1.701784587e-08		-0.001139348623		-3.4530818e-08
1.313131313		1.803837275e-05		0.0002292749172		0.0001676246726		0.0001147418896		2.063186605e-08		-0.001130069214		-3.636237597e-08
1.333333333		2.150734797e-05		0.0002317968689		0.0001745287191		0.0001351684501		2.436539184e-08		-0.001120517713		-3.754809572e-08
1.353535354		2.509003817e-05		0.0002347362688		0.0001789057222		0.000155907981		2.8157278e-08		-0.001110849848		-3.80839245e-08
1.373737374		2.8735862e-05		0.0002380961813		0.0001808210503		0.0001766520934		3.195110716e-08		-0.001101208726		-3.797655138e-08
1.393939394		3.239593919e-05		0.0002418737271		0.0001803736075		0.000197122007		3.569586196e-08		-0.001091723217		-3.724168417e-08
1.414141414		3.602368453e-05		0.0002460607068		0.0001776879003		0.0002170701675		3.934622378e-08		-0.001082507292		-3.590234312e-08
1.434343434		3.95752483e-05		0.0002506442389		0.000172906904		0.0002362802323		4.286257282e-08		-0.001073660122		-3.39872705e-08
1.454545455		4.300982206e-05		0.0002556073829		0.0001661859328		0.0002545658401		4.621076561e-08		-0.00106526672		-3.152951987e-08
1.474747475		4.628983144e-05		0.0002609297274		0.0001576875882		0.0002717685493		4.936175994e-08		-0.001057398971		-2.856525906e-08
1.494949495		4.938103775e-05		0.0002665879303		0.0001475777684		0.000287755273		5.229114742e-08		-0.001050116875		-2.513279784e-08
1.515151515		5.225256956e-05		0.0002725562031		0.0001360226616		0.0003024154753		5.497864207e-08		-0.001043469895		-2.127183453e-08
1.535353535		5.487690287e-05		0.0002788067374		0.0001231866122		0.0003156583316		5.740756187e-08		-0.001037498305		-1.702290584e-08
1.555555556		5.722980641e-05		0.000285310075		0.0001092307336		0.0003274099981		5.956433001e-08		-0.001032234482		-1.242701798e-08
1.575757576		5.929026584e-05		0.0002920354242		9.431214281e-05		0.0003376110896		6.143801405e-08		-0.001027704091		-7.525435379e-09
1.595959596		6.104039804e-05		0.0002989509272		7.858369921e-05		0.00034621443		6.301991465e-08		-0.001023927139		-2.359603126e-09
1.616161616		6.24653648e-05		0.000306023886		6.219414186e-05		0.0003531831105		6.43032104e-08		-0.001020918872		3.028818855e-09
1.636363636		6.355329266e-05		0.0003132209518		4.528853591e-05		0.0003584888741		6.528266216e-08		-0.001018690526		8.597830008e-09
1.656565657		6.429520463e-05		0.0003205082849		2.800895087e-05		0.0003621108322		6.595437806e-08		-0.001017249914		1.430488925e-08
1.676767677		6.468496745e-05		0.0003278516925		1.049530674e-05		0.0003640345128		6.631563899e-08		-0.00101660186		2.010665653e-08
1.696969697		6.471925743e-05		0.0003352167501		-7.113666583e-06		0.0003642512378		6.636478425e-08		-0.001016748472		2.595868982e-08
1.717171717		6.439754657e-05		0.0003425689142		-2.467940371e-05		0.0003627578262		6.610115671e-08		-0.001017689269		3.181511054e-08
1.737373737		6.37221098e-05		0.000349873632		-4.206245513e-05		0.0003595566226		6.552510749e-08		-0.001019421149		3.762825053e-08
1.757575758		6.269805344e-05		0.0003570964545		-5.912145756e-05		0.000354655853		6.463806041e-08		-0.001021938215		4.334829451e-08
1.777777778		6.133336404e-05		0.0003642031614		-7.571216745e-05		0.0003480703115		6.344263704e-08		-0.001025231435		4.892293387e-08
1.797979798		5.963897596e-05		0.0003711599015		-9.168660669e-05		0.0003398223849		6.194284355e-08		-0.001029288155		5.429705095e-08
1.818181818		5.762885468e-05		0.0003779333588		-0.0001068923783		0.0003299434198		6.014432041e-08		-0.001034091454		5.941245696e-08
1.838383838		5.532009199e-05		0.0003844909487		-0.0001211722206		0.0003184754368		5.805465545e-08		-0.001039619335		6.420771252e-08
1.858585859		5.273300739e-05		0.0003908010532		-0.0001343638813		0.0003054731846		5.568375957e-08		-0.00104584377		6.861806604e-08
1.878787879		4.98912483e-05		0.0003968332996		-0.00014630041		0.0002910065179		5.304430171e-08		-0.001052729593		7.257555287e-08
1.898989899		4.682187971e-05		0.0004025588923		-0.0001568109794		0.0002751630594		5.015219626e-08		-0.001060233277		7.600930584e-08
1.919191919		4.355545115e-05		0.000407950999		-0.0001657223632		0.0002580510793		4.702713058e-08		-0.00106830161		7.884613479e-08
1.939393939		4.012602665e-05		0.0004129851985		-0.0001728612017		0.0002398024831		4.369311297e-08		-0.001076870342		8.101143851e-08
1.95959596		3.657116018e-05		0.0004176399882		-0.0001780571891		0.0002205757513		4.017901233e-08		-0.001085862861		8.24305135e-08
1.97979798		3.293179679e-05		0.0004218973501		-0.0001811472963		0.0002005586117		3.651904984e-08		-0.001095189016		8.303031974e-08
2		2.92520775e-05		0.0004257433665		-0.0001819811044		0.0001799701604		3.27531905e-08		-0.00110474421		8.274174909e-08
