time		x		y		vx		vy		KineticEnergy		PotentialEnergy		AngularMomentum
0		0		0		0		0		0		-0.0001184352528		0
0.0202020202		2.39117076e-07		3.212827468e-08		2.367259624e-05		3.18069996e-06		2.852543324e-10		-0.001183337721		0
0.0404040404		9.564685348e-07		1.285131297e-07		4.697085738e-05		7.902156367e-06		1.134352759e-09		-0.001180325151		1.521792035e-12
0.06060606061		2.136929496e-06		3.514073198e-07		6.929096159e-05		1.560962798e-05		2.522448922e-09		-0.001175407972		9.007323339e-12
0.08080808081		3.756103347e-06		7.592051692e-07		9.02018642e-05		2.607307691e-05		4.408090822e-09		-0.001168733843		2.945144985e-11
0.101010101		5.781449261e-06		1.404864973e-06		0.0001093354682		3.899345402e-05		6.737367026e-09		-0.00116049464		7.183710645e-11
0.1212121212		8.173698019e-06		2.334698261e-06		0.0001263977239		5.402193991e-05		9.447377298e-09		-0.001150914045		1.464584771e-10
0.1414141414		1.0888428e-05		3.587569616e-06		0.0001411734474		7.078022383e-05		1.246989116e-08		-0.001140234485		2.64215801e-10
0.1616161616		1.387767569e-05		5.194505284e-06		0.0001535253567		8.887977039e-05		1.573482437e-08		-0.00112870475		4.35956352e-10
0.1818181818		1.709147272e-05		7.17867145e-06		0.0001633884398		0.0001079385259		1.917325381e-08		-0.001116569271		6.719164429e-10
0.202020202		2.047922881e-05		9.555657845e-06		0.0001707610711		0.0001275941418		2.271980421e-08		-0.001104059668		9.812952561e-10
0.2222222222		2.399090994e-05		1.233399031e-05		0.0001756943258		0.0001475133976		2.631434931e-08		-0.001091388736		1.371968525e-09
0.2424242424		2.757798945e-05		1.551579512e-05		0.0001782807551		0.0001673979889		2.990305717e-08		-0.001078746784		1.850332303e-09
0.2626262626		3.119417277e-05		1.909754542e-05		0.0001786435962		0.0001869871649		3.343886717e-08		-0.001066299987		2.421255736e-09
0.2828282828		3.479591253e-05		2.307083209e-05		0.0001769270681		0.0002060578613		3.688151482e-08		-0.00105419034		3.088116636e-09
0.303030303		3.834274118e-05		2.742311557e-05		0.0001732881088		0.0002244230036		4.019722661e-08		-0.00104253678		3.852893307e-09
0.3232323232		4.179745228e-05		3.21384282e-05		0.0001678896787		0.0002419286042		4.335819688e-08		-0.001031437068		4.716288905e-09
0.3434343434		4.512616254e-05		3.719800867e-05		0.0001608955877		0.0002584501714		4.634194061e-08		-0.001020970114		5.677868977e-09
0.3636363636		4.829828411e-05		4.258085936e-05		0.0001524667031		0.0002738888361		4.913059506e-08		-0.001011198457		6.736197579e-09
0.3838383838		5.128643338e-05		4.826422427e-05		0.0001427583453		0.0002881674863		5.171022266e-08		-0.001002170759		7.888961797e-09
0.404040404		5.406629806e-05		5.422399012e-05		0.0001319186606		0.0003012271027		5.407015021e-08		-0.0009939241398		9.133078167e-09
0.4242424242		5.661648027e-05		6.04350163e-05		0.0001200877743		0.0003130234134		5.620236542e-08		-0.0009864863241		1.046477731e-08
0.4444444444		5.891832934e-05		6.687140077e-05		0.0001073975431		0.0003235239266		5.810098166e-08		-0.0009798775339		1.187966511e-08
0.4646464646		6.095577494e-05		7.35066901e-05		9.39717593e-05		0.0003327053604		5.97617742e-08		-0.0009741121282		1.337276008e-08
0.4848484848		6.27151681e-05		8.031404159e-05		7.992668294e-05		0.0003405514633		6.118178691e-08		-0.000969199991		1.493850733e-08
0.5050505051		6.418513587e-05		8.726634518e-05		6.537180731e-05		0.0003470512035		6.235900551e-08		-0.0009651476836		1.657076994e-08
0.5252525253		6.535645325e-05		9.433631244e-05		5.041078523e-05		0.000352197298		6.329209201e-08		-0.0009619593774		1.826279866e-08
0.5454545455		6.622193527e-05		0.000101496539		3.51424628e-05		0.0003559850522		6.398017505e-08		-0.0009596375903		2.000718074e-08
0.5656565657		6.677635073e-05		0.0001087195469		1.96619826e-05		0.0003584114786		6.442269078e-08		-0.0009581837421		2.179576876e-08
0.5858585859		6.701635881e-05		0.0001159778109		4.061930075e-06		0.0003594746733		6.461926999e-08		-0.0009575985466		2.361958993e-08
0.6060606061		6.694046912e-05		0.0001232437761		-1.156649478e-05		0.0003591734296		6.456966815e-08		-0.0009578822513		2.546873636e-08
0.6262626263		6.654902569e-05		0.0001304898687		-2.713229285e-05		0.0003575070783		6.427373619e-08		-0.0009590347326		2.733223707e-08
0.6464646465		6.584421486e-05		0.0001376885065		-4.254347773e-05		0.0003544755491		6.373143121e-08		-0.0009610554498		2.919791213e-08
0.6666666667		6.483009729e-05		0.0001448121131		-5.770589301e-05		0.000350079655		6.294286746e-08		-0.0009639432554		3.10522104e-08
0.6868686869		6.351266363e-05		0.0001518331391		-7.252204562e-05		0.0003443216112		6.190840952e-08		-0.0009676960578		3.288003251e-08
0.7070707071		6.189991363e-05		0.0001587240974		-8.688997091e-05		0.0003372058033		6.062881042e-08		-0.0009723103227		3.46645423e-08
0.7272727273		6.000195774e-05		0.000165457616		-0.0001007021519		0.0003287398284		5.910539909e-08		-0.0009777804027		3.638697126e-08
0.7474747475		5.783113982e-05		0.0001720065147		-0.0001138445256		0.0003189358369		5.734032205e-08		-0.0009840976735		3.802642304e-08
0.7676767677		5.540217892e-05		0.0001783439124		-0.000126195624		0.0003078122065		5.533684501e-08		-0.0009912494605		3.955968825e-08
0.7878787879		5.273232673e-05		0.0001844433715		-0.0001376259136		0.0002953955788		5.309972005e-08		-0.0009992177342		4.096108369e-08
0.8080808081		4.984153595e-05		0.0001902790873		-0.000147997421		0.0002817232861		5.063562326e-08		-0.001007977559		4.220233548e-08
0.8282828283		4.675263295e-05		0.0001958261305		-0.0001571637556		0.0002668461822		4.795366551e-08		-0.001017495288		4.325253173e-08
0.8484848485		4.349148522e-05		0.0002010607512		-0.0001649706717		0.0002508318723		4.506597532e-08		-0.001027726503		4.407817784e-08
0.8686868687		4.008715127e-05		0.0002059607516		-0.0001712573369		0.0002337682999		4.198834674e-08		-0.001038613735		4.464339503e-08
0.8888888889		3.657199686e-05		0.0002105059351		-0.0001758585045		0.0002157676007		3.874093556e-08		-0.00105008402		4.491031094e-08
0.9090909091		3.298175715e-05		0.0002146786345		-0.0001786077977		0.0001969700619		3.534897534e-08		-0.001062046394		4.483969687e-08
0.9292929293		2.935552018e-05		0.0002184643214		-0.0001793423152		0.0001775479348		3.184346758e-08		-0.001074389491		4.439190917e-08
0.9494949495		2.5735603e-05		0.0002218522884		-0.000177908728		0.0001577087422		2.826178143e-08		-0.001086979474		4.352818802e-08
0.9696969697		2.216728875e-05		0.0002248363918		-0.000174170962		0.0001376975996		2.464807647e-08		-0.001099658607		4.221235309e-08
0.9898989899		1.869839241e-05		0.0002274158278		-0.000168019416		0.0001177979613		2.105344192e-08		-0.001112244856		4.041290708e-08
1.01010101		1.537862547e-05		0.0002295959054		-0.0001593814619		9.833011958e-05		1.75356314e-08		-0.001124532924		3.810551312e-08
1.03030303		1.225873739e-05		0.0002313887619		-0.0001482326931		7.964678131e-05		1.415827054e-08		-0.001136297179		3.527574832e-08
1.050505051		9.389425752e-06		0.0002328139571		-0.0001346080733		6.212514769e-05		1.098943369e-08		-0.001147296826		3.192195767e-08
1.070707071		6.820027357e-06		0.0002338988689		-0.000118611817		4.615518086e-05		8.099531926e-09		-0.001157283516		2.805794943e-08
1.090909091		4.597029106e-06		0.0002346788129		-0.0001004245995		3.212416509e-05		5.558531084e-09		-0.001166011332		2.371520152e-08
1.111111111		2.762467781e-06		0.000235196815		-8.030662519e-05		2.039823974e-05		3.432621117e-09		-0.001173248679		1.894421195e-08
1.131313131		1.352316977e-06		0.0002355029842		-5.859527755e-05		1.130221778e-05		1.780573339e-09		-0.001178791248		1.381464691e-08
1.151515152		3.949818196e-07		0.0002356534702		-3.569657178e-05		5.099575872e-06		6.501254554e-10		-0.001182474812		8.414035255e-09
1.171717172		-8.996875125e-08		0.0002357090277		-1.207040476e-05		1.974848936e-06		7.479734966e-11		-0.001184186405		2.844925695e-09
1.191919192		-9.271130188e-08		0.0002357332621		1.178947416e-05		2.020641084e-06		7.153734563e-11		-0.001183872475		-2.779358538e-09
1.212121212		3.863736389e-07		0.0002357906698		3.537896457e-05		5.231012011e-06		6.395173104e-10		-0.001181542872		-8.340008627e-09
1.232323232		1.336741812e-06		0.0002359446161		5.820816177e-05		1.150216496e-05		1.760244948e-09		-0.001177270112		-1.371852696e-08
1.252525253		2.738218559e-06		0.0002362554037		7.982433373e-05		2.064031982e-05		3.398973529e-09		-0.001171184008		-1.880241249e-08
1.272727273		4.561967418e-06		0.0002367785685		9.983100902e-05		3.237564178e-05		5.507206272e-09		-0.001163462447		-2.349014678e-08
1.292929293		6.771794681e-06		0.0002375635105		0.0001179015514		4.638034032e-05		8.025955892e-09		-0.001154319554		-2.769502829e-08
1.313131313		9.325666463e-06		0.0002386525216		0.0001337865059		6.228870031e-05		1.088935567e-08		-0.001143992693		-3.134760333e-08
1.333333333		1.217731007e-05		0.0002400802256		0.0001473149036		7.971687709e-05		1.402823066e-08		-0.001132729724		-3.439665817e-08
1.353535354		1.527778378e-05		0.0002418734055		0.0001583904257		9.828069502e-05		1.737331098e-08		-0.001120777623		-3.680892046e-08
1.373737374		1.857692323e-05		0.0002440511628		0.0001669837513		0.0001176102819		2.08578758e-08		-0.001108373203		-3.856774149e-08
1.393939394		2.202460201e-05		0.0002466253361		0.0001731225449		0.0001373609951		2.441972926e-08		-0.00109573626		-3.967108458e-08
1.414141414		2.557177353e-05		0.000249601102		0.0001768804278		0.0001572206303		2.800250617e-08		-0.001083065131		-4.012913936e-08
1.434343434		2.917128597e-05		0.0002529776848		0.0001783660213		0.0001769132856		3.155637408e-08		-0.001070534385		-3.996183506e-08
1.454545455		3.277848146e-05		0.0002567491135		0.0001777128339		0.000196200473		3.503823847e-08		-0.001058294284		-3.919645901e-08
1.474747475		3.635160249e-05		0.0002609049766		0.0001750704589		0.0002148801452		3.841157117e-08		-0.00104647154		-3.786551636e-08
1.494949495		3.985203535e-05		0.0002654311396		0.0001705972879		0.0002327842818		4.164597824e-08		-0.001035170981		-3.60049051e-08
1.515151515		4.32444222e-05		0.0002703104022		0.0001644547625		0.000249775593		4.471660788e-08		-0.001024477748		-3.36524318e-08
1.535353535		4.649667222e-05		0.0002755230827		0.0001568030549		0.0002657437865		4.760347906e-08		-0.001014459753		-3.084665934e-08
1.555555556		4.957989917e-05		0.0002810475248		0.0001477980038		0.0002806017309		5.029079066e-08		-0.00100517018		-2.762605763e-08
1.575757576		5.246830874e-05		0.0002868605264		0.0001375891037		0.0002942817423		5.276625264e-08		-0.0009966498838		-2.40284174e-08
1.595959596		5.513905487e-05		0.0002929376963		0.0001263183441		0.0003067321418		5.502046545e-08		-0.0009889296112		-2.009048432e-08
1.616161616		5.757208022e-05		0.0002992537443		0.0001141197158		0.0003179141632		5.704636233e-08		-0.0009820319801		-1.584777253e-08
1.636363636		5.974995248e-05		0.0003057827129		0.0001011192224		0.0003277992439		5.883872074e-08		-0.0009759732079		-1.133452091e-08
1.656565657		6.165770537e-05		0.0003124981582		8.743526796e-05		0.0003363667061		6.039374352e-08		-0.000970764585		-6.583760937e-09
1.676767677		6.328269058e-05		0.0003193732869		7.317931408e-05		0.0003436018081		6.170870727e-08		-0.0009664137059		-1.627471167e-09
1.696969697		6.461444533e-05		0.0003263810595		5.845672747e-05		0.0003494941445		6.278167302e-08		-0.0009629254763		3.503201648e-09
1.717171717		6.564457856e-05		0.0003334942625		4.336775728e-05		0.0003540363626		6.36112542e-08		-0.0009603029145		8.777669588e-09
1.737373737		6.636667795e-05		0.000340685559		2.800859895e-05		0.0003572231676		6.419643655e-08		-0.0009585477681		1.416558973e-08
1.757575758		6.677623912e-05		0.0003479275218		1.247251422e-05		0.0003590505917		6.453644549e-08		-0.0009576609607		1.96365172e-08
1.777777778		6.687061792e-05		0.0003551926536		-3.14901366e-06		0.000359515505		6.46306573e-08		-0.0009576428833		2.515953048e-08
1.797979798		6.664900625e-05		0.0003624534008		-1.876510368e-05		0.0003586153564		6.447855147e-08		-0.0009584935393		3.070283277e-08
1.818181818		6.611243191e-05		0.000369682163		-3.428429006e-05		0.0003563481357		6.407970319e-08		-0.0009602125472		3.623333236e-08
1.838383838		6.526378241e-05		0.0003768513052		-4.961333319e-05		0.0003527125581		6.343381575e-08		-0.0009627990016		4.171620501e-08
1.858585859		6.410785279e-05		0.0003839331754		-6.465603847e-05		0.0003477084775		6.254079431e-08		-0.000966251188		4.711444205e-08
1.878787879		6.265141721e-05		0.0003909001326		-7.9312096e-05		0.0003413375439		6.140086373e-08		-0.0009705661419		5.238838972e-08
1.898989899		6.090332366e-05		0.0003977245913		-9.347596073e-05		0.000333604126		6.001473406e-08		-0.0009757390403		5.749528834e-08
1.919191919		5.887461072e-05		0.0004043790872		-0.0001070358015		0.0003245165249		5.838381886e-08		-0.0009817624074		6.238882377e-08
1.939393939		5.657864481e-05		0.0004108363701		-0.0001198725599		0.0003140885111		5.651051172e-08		-0.0009886251168		6.701870971e-08
1.95959596		5.403127497e-05		0.0004170695321		-0.0001318591773		0.0003023412171		5.439852709e-08		-0.0009963111697		7.13303268e-08
1.97979798		5.125100128e-05		0.0004230521769		-0.0001428600661		0.0002893054155		5.205331097e-08		-0.001004798232		7.526445419e-08
2		4.825915108e-05		0.0004287586398		-0.0001527309307		0.0002750242053		4.948252535e-08		-0.001014055915		7.875714077e-08
